6.429014036461960790e-02
6.429014036461960790e-02
6.429014036461960790e-02
4.953841376904623284e-02
4.953841376904623284e-02
4.953841376904623284e-02
4.953841376904623284e-02
5.986040956077593594e-02
5.986040956077593594e-02
5.986040956077593594e-02
5.986040956077593594e-02
5.640946162724830293e-02
5.640946162724830293e-02
5.640946162724830293e-02
5.640946162724830293e-02
5.958730541728089747e-02
5.958730541728089747e-02
5.958730541728089747e-02
5.958730541728089747e-02
3.780066301162759296e-02
3.780066301162759296e-02
3.780066301162759296e-02
4.795652415638339272e-02
4.795652415638339272e-02
4.795652415638339272e-02
4.795652415638339272e-02
1.157601829620538182e-02
1.157601829620538182e-02
1.157601829620538182e-02
1.157601829620538182e-02
1.157601829620538182e-02
1.157601829620538182e-02
1.157601829620538182e-02
9.604948784422655608e-03
9.604948784422655608e-03
9.604948784422655608e-03
1.084955621504468497e-02
1.084955621504468497e-02
1.084955621504468497e-02
1.084955621504468497e-02
8.670878871697432905e-03
8.670878871697432905e-03
8.670878871697432905e-03
8.670878871697432905e-03
8.670878871697432905e-03
1.538490376157326638e-02
1.538490376157326638e-02
1.538490376157326638e-02
1.538490376157326638e-02
8.485932431950523810e-03
8.485932431950523810e-03
8.485932431950523810e-03
8.485932431950523810e-03
2.229357706394658953e-02
2.229357706394658953e-02
2.229357706394658953e-02
2.229357706394658953e-02
2.293619527893940926e-02
2.293619527893940926e-02
2.293619527893940926e-02
2.293619527893940926e-02
2.293619527893940926e-02
1.310619819315656312e-02
1.310619819315656312e-02
1.310619819315656312e-02
4.114921182735414851e-02
4.114921182735414851e-02
4.114921182735414851e-02
4.114921182735414851e-02
2.258693971442492579e-02
2.258693971442492579e-02
2.258693971442492579e-02
2.258693971442492579e-02
2.258693971442492579e-02
2.258693971442492579e-02
1.769907858850959179e-02
1.769907858850959179e-02
1.769907858850959179e-02
1.769907858850959179e-02
1.769907858850959179e-02
1.769907858850959179e-02
5.840645431951297858e-03
5.840645431951297858e-03
5.840645431951297858e-03
5.840645431951297858e-03
1.213477910644918112e-02
1.213477910644918112e-02
1.213477910644918112e-02
1.213477910644918112e-02
1.213477910644918112e-02
1.229731627027517635e-02
1.229731627027517635e-02
1.229731627027517635e-02
1.229731627027517635e-02
1.229731627027517635e-02
1.098376868454265659e-02
1.098376868454265659e-02
1.098376868454265659e-02
1.098376868454265659e-02
9.033629460408469647e-03
9.033629460408469647e-03
9.033629460408469647e-03
7.921285398903545744e-03
7.921285398903545744e-03
7.921285398903545744e-03
7.921285398903545744e-03
1.159261462686912193e-02
1.159261462686912193e-02
1.159261462686912193e-02
1.159261462686912193e-02
1.159261462686912193e-02
1.159261462686912193e-02
2.496097231000965477e-02
2.496097231000965477e-02
2.496097231000965477e-02
2.496097231000965477e-02
2.496097231000965477e-02
2.496097231000965477e-02
2.496097231000965477e-02
5.774781645157145427e-02
5.774781645157145427e-02
5.774781645157145427e-02
5.774781645157145427e-02
5.774781645157145427e-02
5.890101815107797595e-02
5.890101815107797595e-02
5.890101815107797595e-02
5.890101815107797595e-02
6.603645390554292727e-02
6.603645390554292727e-02
6.603645390554292727e-02
6.603645390554292727e-02
4.954679240058779133e-02
4.954679240058779133e-02
4.954679240058779133e-02
6.061227980692789064e-02
6.061227980692789064e-02
6.061227980692789064e-02
5.411999263719794590e-02
5.411999263719794590e-02
5.411999263719794590e-02
5.411999263719794590e-02
7.580178719520984376e-02
7.580178719520984376e-02
7.580178719520984376e-02
6.196148555460846696e-02
6.196148555460846696e-02
6.196148555460846696e-02
6.196148555460846696e-02
7.113054989625575142e-02
7.113054989625575142e-02
7.113054989625575142e-02
7.113054989625575142e-02
4.303690883846406773e-02
4.303690883846406773e-02
4.303690883846406773e-02
4.303690883846406773e-02
4.303690883846406773e-02
4.303690883846406773e-02
3.245625539763188211e-02
3.245625539763188211e-02
3.245625539763188211e-02
4.790389669194859007e-02
4.790389669194859007e-02
4.790389669194859007e-02
2.921738427205896813e-02
2.921738427205896813e-02
2.921738427205896813e-02
3.662030864238285249e-02
3.662030864238285249e-02
3.662030864238285249e-02
6.978342157271540114e-02
6.978342157271540114e-02
6.978342157271540114e-02
6.978342157271540114e-02
6.978342157271540114e-02
6.806995990830355669e-02
6.806995990830355669e-02
6.806995990830355669e-02
6.806995990830355669e-02
3.143518233215863988e-02
3.143518233215863988e-02
3.143518233215863988e-02
3.143518233215863988e-02
4.682978117985016342e-02
4.682978117985016342e-02
4.682978117985016342e-02
5.883938508889927782e-02
5.883938508889927782e-02
5.883938508889927782e-02
8.843775874528130368e-03
8.843775874528130368e-03
8.843775874528130368e-03
3.955591117926844126e-03
3.955591117926844126e-03
6.776398917520078113e-02
6.776398917520078113e-02
