1.860709248423188591e-02
1.860709248423188591e-02
1.860709248423188591e-02
4.515361450191504589e-03
4.515361450191504589e-03
4.515361450191504589e-03
4.515361450191504589e-03
4.515361450191504589e-03
8.130385962482536769e-03
8.130385962482536769e-03
8.130385962482536769e-03
6.498857085039601474e-03
6.498857085039601474e-03
6.498857085039601474e-03
6.498857085039601474e-03
3.057941907391792044e-02
3.057941907391792044e-02
3.057941907391792044e-02
3.057941907391792044e-02
3.057941907391792044e-02
3.057941907391792044e-02
3.057941907391792044e-02
3.431414395448477428e-02
3.431414395448477428e-02
3.431414395448477428e-02
3.431414395448477428e-02
3.431414395448477428e-02
2.788137654655018990e-02
2.788137654655018990e-02
2.788137654655018990e-02
2.788137654655018990e-02
2.788137654655018990e-02
4.779472174311263921e-02
4.779472174311263921e-02
4.779472174311263921e-02
4.779472174311263921e-02
3.920462741773301368e-02
3.920462741773301368e-02
3.920462741773301368e-02
3.920462741773301368e-02
1.685413733913848633e-02
1.685413733913848633e-02
1.685413733913848633e-02
1.685413733913848633e-02
1.685413733913848633e-02
1.685413733913848633e-02
2.472311432917816479e-02
2.472311432917816479e-02
2.472311432917816479e-02
2.472311432917816479e-02
3.307741589231215362e-02
3.307741589231215362e-02
3.307741589231215362e-02
3.307741589231215362e-02
3.307741589231215362e-02
3.307741589231215362e-02
1.636202971225433206e-02
1.636202971225433206e-02
1.636202971225433206e-02
1.636202971225433206e-02
1.636202971225433206e-02
1.260426177607627644e-02
1.260426177607627644e-02
1.260426177607627644e-02
1.963048703428271410e-02
1.963048703428271410e-02
1.963048703428271410e-02
1.963048703428271410e-02
1.963048703428271410e-02
1.963048703428271410e-02
1.653074443376881253e-02
1.653074443376881253e-02
1.653074443376881253e-02
1.653074443376881253e-02
1.683354947768856552e-02
1.683354947768856552e-02
1.683354947768856552e-02
1.683354947768856552e-02
1.683354947768856552e-02
1.486436397958633762e-02
6.589900973355363421e-03
6.589900973355363421e-03
1.488272471328506118e-02
1.848873338728939178e-02
1.848873338728939178e-02
1.848873338728939178e-02
1.848873338728939178e-02
1.848873338728939178e-02
1.848873338728939178e-02
1.848873338728939178e-02
9.521540017960039917e-03
3.007221769841402891e-03
3.007221769841402891e-03
3.007221769841402891e-03
3.007221769841402891e-03
3.007221769841402891e-03
3.007221769841402891e-03
3.007221769841402891e-03
1.043614740358877850e-02
2.531605223256120328e-03
2.531605223256120328e-03
2.531605223256120328e-03
2.531605223256120328e-03
2.531605223256120328e-03
2.531605223256120328e-03
2.531605223256120328e-03
8.110480497341449047e-03
2.851475059332621298e-03
2.851475059332621298e-03
2.851475059332621298e-03
2.851475059332621298e-03
2.851475059332621298e-03
2.851475059332621298e-03
2.851475059332621298e-03
9.092532648650933705e-03
1.369190317011359168e-02
1.369190317011359168e-02
1.369190317011359168e-02
1.369190317011359168e-02
9.224702432151808684e-03
2.250578838327116013e-02
2.250578838327116013e-02
2.250578838327116013e-02
1.745637514242105032e-02
1.745637514242105032e-02
1.745637514242105032e-02
9.709873675893978748e-03
2.127331790846603843e-02
2.127331790846603843e-02
1.046290674967179091e-02
1.800446979832226110e-02
1.800446979832226110e-02
1.800446979832226110e-02
1.181033897829735987e-02
3.931025368346249653e-03
3.931025368346249653e-03
3.931025368346249653e-03
3.931025368346249653e-03
1.379790951161290712e-02
1.379790951161290712e-02
1.379790951161290712e-02
1.379790951161290712e-02
7.048022612995721164e-03
1.286742836713595768e-03
1.286742836713595768e-03
1.286742836713595768e-03
1.286742836713595768e-03
1.286742836713595768e-03
1.286742836713595768e-03
2.814309177031650271e-03
2.003234850057453685e-03
2.003234850057453685e-03
2.003234850057453685e-03
2.003234850057453685e-03
2.003234850057453685e-03
2.003234850057453685e-03
6.385725536061101840e-03
7.687970396485346858e-03
7.687970396485346858e-03
1.430076465281881343e-03
3.599696592244216228e-03
3.599696592244216228e-03
3.599696592244216228e-03
3.599696592244216228e-03
1.962298549805904162e-04
4.143953595286742342e-03
4.143953595286742342e-03
4.143953595286742342e-03
3.916481304486642799e-03
2.571519941575852418e-03
2.571519941575852418e-03
2.571519941575852418e-03
3.642198640241184858e-03
6.744845412042109814e-03
6.744845412042109814e-03
6.744845412042109814e-03
6.744845412042109814e-03
6.744845412042109814e-03
2.386411159677657935e-05
3.989586074565589641e-03
3.989586074565589641e-03
3.989586074565589641e-03
3.989586074565589641e-03
3.989586074565589641e-03
3.989586074565589641e-03
3.989586074565589641e-03
3.989586074565589641e-03
3.107841999941507276e-03
1.031527806990979908e-02
1.031527806990979908e-02
1.031527806990979908e-02
1.031527806990979908e-02
1.031527806990979908e-02
1.031527806990979908e-02
1.031527806990979908e-02
1.777699130218399204e-03
9.989567300350369120e-03
9.989567300350369120e-03
9.989567300350369120e-03
9.989567300350369120e-03
9.989567300350369120e-03
9.989567300350369120e-03
9.989567300350369120e-03
3.782070272593244641e-03
6.765251575321884654e-03
6.765251575321884654e-03
6.765251575321884654e-03
6.765251575321884654e-03
6.765251575321884654e-03
4.761642492818046746e-03
5.959310141597226780e-03
5.959310141597226780e-03
5.959310141597226780e-03
5.959310141597226780e-03
5.959310141597226780e-03
4.385216889968123442e-03
8.525519136521926208e-03
8.525519136521926208e-03
8.525519136521926208e-03
8.525519136521926208e-03
8.525519136521926208e-03
2.432679811264885222e-03
7.067451420685368253e-03
7.067451420685368253e-03
7.067451420685368253e-03
7.067451420685368253e-03
7.067451420685368253e-03
7.067451420685368253e-03
4.527533190149438981e-03
4.527533190149438981e-03
4.527533190149438981e-03
4.668118035697903581e-03
4.668118035697903581e-03
4.668118035697903581e-03
2.833190294341040878e-03
2.833190294341040878e-03
2.833190294341040878e-03
3.998262517519383941e-03
1.029175727230439465e-02
1.029175727230439465e-02
1.029175727230439465e-02
1.029175727230439465e-02
1.029175727230439465e-02
1.029175727230439465e-02
2.131904368385520009e-03
8.199453173935234915e-03
8.199453173935234915e-03
8.199453173935234915e-03
8.199453173935234915e-03
8.199453173935234915e-03
8.199453173935234915e-03
8.199453173935234915e-03
5.333767747429072302e-03
7.652416157404804027e-03
7.652416157404804027e-03
7.652416157404804027e-03
7.652416157404804027e-03
7.652416157404804027e-03
4.084472276501592038e-03
7.081529009810937254e-03
7.081529009810937254e-03
7.081529009810937254e-03
7.081529009810937254e-03
7.081529009810937254e-03
3.939561745654855847e-03
5.739822494440344029e-03
5.739822494440344029e-03
5.739822494440344029e-03
5.739822494440344029e-03
5.739822494440344029e-03
5.739822494440344029e-03
2.937702883156121953e-03
1.039388572267629235e-02
1.039388572267629235e-02
1.039388572267629235e-02
1.039388572267629235e-02
1.039388572267629235e-02
1.039388572267629235e-02
1.039388572267629235e-02
1.304497015945890823e-03
4.737368940901034650e-03
4.737368940901034650e-03
4.737368940901034650e-03
4.737368940901034650e-03
1.322979914286758667e-03
5.240954040560601677e-03
5.240954040560601677e-03
5.240954040560601677e-03
5.240954040560601677e-03
5.240954040560601677e-03
5.240954040560601677e-03
5.240954040560601677e-03
1.460144130812645246e-03
1.662518705113106990e-03
1.662518705113106990e-03
1.662518705113106990e-03
1.662518705113106990e-03
1.662518705113106990e-03
5.807985235810986073e-03
5.124005833405649232e-03
5.124005833405649232e-03
5.124005833405649232e-03
1.460718293025879341e-03
4.374313786916207009e-03
4.374313786916207009e-03
4.374313786916207009e-03
1.359419741899999499e-02
1.359419741899999499e-02
1.359419741899999499e-02
1.128185098409742980e-02
6.900871907054854015e-04
6.900871907054854015e-04
6.900871907054854015e-04
6.900871907054854015e-04
6.900871907054854015e-04
6.900871907054854015e-04
1.240993874548505446e-02
1.280969916782598479e-02
1.280969916782598479e-02
1.280969916782598479e-02
1.883164685904954033e-02
1.883164685904954033e-02
1.883164685904954033e-02
1.489036651843475903e-02
6.324669956102464338e-03
6.324669956102464338e-03
8.409817362962614812e-03
2.931017387349475149e-03
2.931017387349475149e-03
2.931017387349475149e-03
2.931017387349475149e-03
2.931017387349475149e-03
2.931017387349475149e-03
2.931017387349475149e-03
1.501161651604005116e-02
1.363148455342535863e-02
1.363148455342535863e-02
1.363148455342535863e-02
1.363148455342535863e-02
1.363148455342535863e-02
1.363148455342535863e-02
1.363148455342535863e-02
1.653839697620900634e-02
1.131000288799317334e-02
1.131000288799317334e-02
8.701021298171154189e-03
2.613261072701017484e-03
2.613261072701017484e-03
2.613261072701017484e-03
2.613261072701017484e-03
2.613261072701017484e-03
2.613261072701017484e-03
2.613261072701017484e-03
7.957788797935683167e-03
8.446080802892930867e-03
8.446080802892930867e-03
8.446080802892930867e-03
8.446080802892930867e-03
8.446080802892930867e-03
2.311429621789157750e-03
2.700629743215479141e-03
2.700629743215479141e-03
2.700629743215479141e-03
2.700629743215479141e-03
2.700629743215479141e-03
5.529307424667635057e-03
1.585399072166370459e-03
1.585399072166370459e-03
1.585399072166370459e-03
1.585399072166370459e-03
1.585399072166370459e-03
1.585399072166370459e-03
9.812285569753095849e-03
2.162721391019865880e-02
2.162721391019865880e-02
2.162721391019865880e-02
9.144074382516187427e-03
2.200925791419071700e-02
2.200925791419071700e-02
2.200925791419071700e-02
1.668236015811247128e-02
1.668236015811247128e-02
1.668236015811247128e-02
1.668236015811247128e-02
1.600765855058455811e-02
1.600765855058455811e-02
1.600765855058455811e-02
1.600765855058455811e-02
1.019990182122089244e-02
1.019990182122089244e-02
1.019990182122089244e-02
1.019990182122089244e-02
2.803134522219893898e-02
2.803134522219893898e-02
2.803134522219893898e-02
2.803134522219893898e-02
2.803134522219893898e-02
2.803134522219893898e-02
3.465368998836382969e-02
3.465368998836382969e-02
3.465368998836382969e-02
3.465368998836382969e-02
2.214083056374572048e-02
2.214083056374572048e-02
2.214083056374572048e-02
2.214083056374572048e-02
2.214083056374572048e-02
2.457814906876312419e-02
2.457814906876312419e-02
2.457814906876312419e-02
3.962721664646878111e-02
3.962721664646878111e-02
3.962721664646878111e-02
3.962721664646878111e-02
5.119380460849735914e-02
5.119380460849735914e-02
5.119380460849735914e-02
5.119380460849735914e-02
3.256320804890460580e-02
3.256320804890460580e-02
3.256320804890460580e-02
3.256320804890460580e-02
3.256320804890460580e-02
2.841087222421469910e-02
2.841087222421469910e-02
2.841087222421469910e-02
2.841087222421469910e-02
2.841087222421469910e-02
2.137405633114976625e-02
2.137405633114976625e-02
2.137405633114976625e-02
2.137405633114976625e-02
2.137405633114976625e-02
1.835932945229597907e-02
1.835932945229597907e-02
1.835932945229597907e-02
1.835932945229597907e-02
1.024614431911487038e-02
1.024614431911487038e-02
1.024614431911487038e-02
2.756322727215642157e-02
2.756322727215642157e-02
2.756322727215642157e-02
2.756322727215642157e-02
2.756322727215642157e-02
1.838688026735920550e-02
1.838688026735920550e-02
1.838688026735920550e-02
1.838688026735920550e-02
5.767208555492792620e-03
5.767208555492792620e-03
5.767208555492792620e-03
1.486436397958633762e-02
1.486436397958633762e-02
1.486436397958633762e-02
1.486436397958633762e-02
1.486436397958633762e-02
1.486436397958633762e-02
1.486436397958633762e-02
1.488272471328506118e-02
1.488272471328506118e-02
1.488272471328506118e-02
1.488272471328506118e-02
1.488272471328506118e-02
1.488272471328506118e-02
1.488272471328506118e-02
9.521540017960039917e-03
9.521540017960039917e-03
9.521540017960039917e-03
9.521540017960039917e-03
9.521540017960039917e-03
9.521540017960039917e-03
9.521540017960039917e-03
9.521540017960039917e-03
9.521540017960039917e-03
2.282873764029149169e-02
2.282873764029149169e-02
2.282873764029149169e-02
2.282873764029149169e-02
2.282873764029149169e-02
5.541599263437345206e-03
1.460574750066659377e-02
1.460574750066659377e-02
1.460574750066659377e-02
1.460574750066659377e-02
1.460574750066659377e-02
1.460574750066659377e-02
1.460574750066659377e-02
1.460574750066659377e-02
1.043614740358877850e-02
1.043614740358877850e-02
1.043614740358877850e-02
1.043614740358877850e-02
1.043614740358877850e-02
1.043614740358877850e-02
1.043614740358877850e-02
1.043614740358877850e-02
1.043614740358877850e-02
8.110480497341449047e-03
8.110480497341449047e-03
8.110480497341449047e-03
8.110480497341449047e-03
8.110480497341449047e-03
8.110480497341449047e-03
8.110480497341449047e-03
8.110480497341449047e-03
8.110480497341449047e-03
1.448628279817110176e-02
1.448628279817110176e-02
1.448628279817110176e-02
1.448628279817110176e-02
1.448628279817110176e-02
1.448628279817110176e-02
1.448628279817110176e-02
1.448628279817110176e-02
1.448628279817110176e-02
1.448628279817110176e-02
1.448628279817110176e-02
1.448628279817110176e-02
9.092532648650933705e-03
9.092532648650933705e-03
9.092532648650933705e-03
9.092532648650933705e-03
9.092532648650933705e-03
9.092532648650933705e-03
9.092532648650933705e-03
9.092532648650933705e-03
9.092532648650933705e-03
1.777762296906668787e-02
1.777762296906668787e-02
1.777762296906668787e-02
1.777762296906668787e-02
1.777762296906668787e-02
1.777762296906668787e-02
1.777762296906668787e-02
1.530841493711893216e-02
1.530841493711893216e-02
1.530841493711893216e-02
1.530841493711893216e-02
1.530841493711893216e-02
1.530841493711893216e-02
1.530841493711893216e-02
1.530841493711893216e-02
1.530841493711893216e-02
1.530841493711893216e-02
1.530841493711893216e-02
1.530841493711893216e-02
1.347405401152085812e-02
1.347405401152085812e-02
1.347405401152085812e-02
1.347405401152085812e-02
1.347405401152085812e-02
1.347405401152085812e-02
1.347405401152085812e-02
1.347405401152085812e-02
1.347405401152085812e-02
9.224702432151808684e-03
9.224702432151808684e-03
9.224702432151808684e-03
9.224702432151808684e-03
9.224702432151808684e-03
9.224702432151808684e-03
9.224702432151808684e-03
9.224702432151808684e-03
9.224702432151808684e-03
9.224702432151808684e-03
9.224702432151808684e-03
2.877661509829441272e-02
2.877661509829441272e-02
2.877661509829441272e-02
2.877661509829441272e-02
2.877661509829441272e-02
2.877661509829441272e-02
2.338540411917386722e-02
2.338540411917386722e-02
2.338540411917386722e-02
2.338540411917386722e-02
2.338540411917386722e-02
2.338540411917386722e-02
1.586404481479043380e-02
1.586404481479043380e-02
1.586404481479043380e-02
1.586404481479043380e-02
1.586404481479043380e-02
1.586404481479043380e-02
1.586404481479043380e-02
1.373539487708969747e-02
1.373539487708969747e-02
1.373539487708969747e-02
1.373539487708969747e-02
1.373539487708969747e-02
1.373539487708969747e-02
1.373539487708969747e-02
1.373539487708969747e-02
1.121140082896963236e-02
1.121140082896963236e-02
1.121140082896963236e-02
1.121140082896963236e-02
1.121140082896963236e-02
1.121140082896963236e-02
1.121140082896963236e-02
1.121140082896963236e-02
9.709873675893978748e-03
9.709873675893978748e-03
9.709873675893978748e-03
9.709873675893978748e-03
9.709873675893978748e-03
9.709873675893978748e-03
9.709873675893978748e-03
9.709873675893978748e-03
9.709873675893978748e-03
9.709873675893978748e-03
1.046290674967179091e-02
1.046290674967179091e-02
1.046290674967179091e-02
1.046290674967179091e-02
1.046290674967179091e-02
1.046290674967179091e-02
1.046290674967179091e-02
1.046290674967179091e-02
1.046290674967179091e-02
1.046290674967179091e-02
1.046290674967179091e-02
1.181033897829735987e-02
1.181033897829735987e-02
1.181033897829735987e-02
1.181033897829735987e-02
1.181033897829735987e-02
1.181033897829735987e-02
1.181033897829735987e-02
1.181033897829735987e-02
1.181033897829735987e-02
1.181033897829735987e-02
1.181033897829735987e-02
1.181033897829735987e-02
1.126781540504160836e-02
1.126781540504160836e-02
1.126781540504160836e-02
1.126781540504160836e-02
1.126781540504160836e-02
1.126781540504160836e-02
1.126781540504160836e-02
7.048022612995721164e-03
7.048022612995721164e-03
7.048022612995721164e-03
7.048022612995721164e-03
7.048022612995721164e-03
7.048022612995721164e-03
7.048022612995721164e-03
7.048022612995721164e-03
7.048022612995721164e-03
7.048022612995721164e-03
7.048022612995721164e-03
7.048022612995721164e-03
7.048022612995721164e-03
2.814309177031650271e-03
2.814309177031650271e-03
2.814309177031650271e-03
2.814309177031650271e-03
2.814309177031650271e-03
2.814309177031650271e-03
2.814309177031650271e-03
2.814309177031650271e-03
2.814309177031650271e-03
2.814309177031650271e-03
2.814309177031650271e-03
2.814309177031650271e-03
2.814309177031650271e-03
2.814309177031650271e-03
6.385725536061101840e-03
6.385725536061101840e-03
6.385725536061101840e-03
6.385725536061101840e-03
6.385725536061101840e-03
1.660941473962840309e-02
1.660941473962840309e-02
1.660941473962840309e-02
1.660941473962840309e-02
1.660941473962840309e-02
1.660941473962840309e-02
1.456192031948541285e-02
1.456192031948541285e-02
1.456192031948541285e-02
1.456192031948541285e-02
1.456192031948541285e-02
1.456192031948541285e-02
1.456192031948541285e-02
1.430076465281881343e-03
1.430076465281881343e-03
1.430076465281881343e-03
1.430076465281881343e-03
1.430076465281881343e-03
1.430076465281881343e-03
1.430076465281881343e-03
1.430076465281881343e-03
1.430076465281881343e-03
1.430076465281881343e-03
1.430076465281881343e-03
1.430076465281881343e-03
1.430076465281881343e-03
1.962298549805904162e-04
1.962298549805904162e-04
1.962298549805904162e-04
1.962298549805904162e-04
1.962298549805904162e-04
1.962298549805904162e-04
1.962298549805904162e-04
1.962298549805904162e-04
1.962298549805904162e-04
1.962298549805904162e-04
1.962298549805904162e-04
1.962298549805904162e-04
1.962298549805904162e-04
1.962298549805904162e-04
3.916481304486642799e-03
3.916481304486642799e-03
3.916481304486642799e-03
3.916481304486642799e-03
3.916481304486642799e-03
3.642198640241184858e-03
3.642198640241184858e-03
3.642198640241184858e-03
3.642198640241184858e-03
3.642198640241184858e-03
3.642198640241184858e-03
3.642198640241184858e-03
3.642198640241184858e-03
3.642198640241184858e-03
3.642198640241184858e-03
3.642198640241184858e-03
3.642198640241184858e-03
3.642198640241184858e-03
3.642198640241184858e-03
3.642198640241184858e-03
2.386411159677657935e-05
2.386411159677657935e-05
2.386411159677657935e-05
2.386411159677657935e-05
2.386411159677657935e-05
2.386411159677657935e-05
2.386411159677657935e-05
2.386411159677657935e-05
2.386411159677657935e-05
2.386411159677657935e-05
2.386411159677657935e-05
2.386411159677657935e-05
2.386411159677657935e-05
3.107841999941507276e-03
3.107841999941507276e-03
3.107841999941507276e-03
3.107841999941507276e-03
3.107841999941507276e-03
3.107841999941507276e-03
3.107841999941507276e-03
3.107841999941507276e-03
3.107841999941507276e-03
3.107841999941507276e-03
3.107841999941507276e-03
3.107841999941507276e-03
3.107841999941507276e-03
1.777699130218399204e-03
1.777699130218399204e-03
1.777699130218399204e-03
1.777699130218399204e-03
1.777699130218399204e-03
1.777699130218399204e-03
1.777699130218399204e-03
1.777699130218399204e-03
1.777699130218399204e-03
1.777699130218399204e-03
1.777699130218399204e-03
1.777699130218399204e-03
1.777699130218399204e-03
3.782070272593244641e-03
3.782070272593244641e-03
3.782070272593244641e-03
3.782070272593244641e-03
3.782070272593244641e-03
3.782070272593244641e-03
3.782070272593244641e-03
3.782070272593244641e-03
3.782070272593244641e-03
3.782070272593244641e-03
3.782070272593244641e-03
3.782070272593244641e-03
3.782070272593244641e-03
3.782070272593244641e-03
3.782070272593244641e-03
4.761642492818046746e-03
4.761642492818046746e-03
4.761642492818046746e-03
4.761642492818046746e-03
4.761642492818046746e-03
4.761642492818046746e-03
4.761642492818046746e-03
4.761642492818046746e-03
4.761642492818046746e-03
4.761642492818046746e-03
4.761642492818046746e-03
4.761642492818046746e-03
4.761642492818046746e-03
4.761642492818046746e-03
4.761642492818046746e-03
4.761642492818046746e-03
4.385216889968123442e-03
4.385216889968123442e-03
4.385216889968123442e-03
4.385216889968123442e-03
4.385216889968123442e-03
4.385216889968123442e-03
4.385216889968123442e-03
4.385216889968123442e-03
4.385216889968123442e-03
4.385216889968123442e-03
4.385216889968123442e-03
4.385216889968123442e-03
4.385216889968123442e-03
4.385216889968123442e-03
4.385216889968123442e-03
2.432679811264885222e-03
2.432679811264885222e-03
2.432679811264885222e-03
2.432679811264885222e-03
2.432679811264885222e-03
2.432679811264885222e-03
2.432679811264885222e-03
2.432679811264885222e-03
2.432679811264885222e-03
2.432679811264885222e-03
2.432679811264885222e-03
2.432679811264885222e-03
2.432679811264885222e-03
2.432679811264885222e-03
2.432679811264885222e-03
5.747566986614832327e-03
5.747566986614832327e-03
5.747566986614832327e-03
5.747566986614832327e-03
5.747566986614832327e-03
5.747566986614832327e-03
5.747566986614832327e-03
5.747566986614832327e-03
5.747566986614832327e-03
5.747566986614832327e-03
5.747566986614832327e-03
5.747566986614832327e-03
9.517970226357384822e-03
9.517970226357384822e-03
9.517970226357384822e-03
9.517970226357384822e-03
9.517970226357384822e-03
9.517970226357384822e-03
9.517970226357384822e-03
9.517970226357384822e-03
9.517970226357384822e-03
9.517970226357384822e-03
9.517970226357384822e-03
1.903344924960401413e-03
1.903344924960401413e-03
1.903344924960401413e-03
1.903344924960401413e-03
1.903344924960401413e-03
1.903344924960401413e-03
1.903344924960401413e-03
1.903344924960401413e-03
1.903344924960401413e-03
1.903344924960401413e-03
1.903344924960401413e-03
1.903344924960401413e-03
1.903344924960401413e-03
1.903344924960401413e-03
1.903344924960401413e-03
1.903344924960401413e-03
7.996813881276456943e-04
7.996813881276456943e-04
7.996813881276456943e-04
2.242638370044392621e-02
2.242638370044392621e-02
2.242638370044392621e-02
2.242638370044392621e-02
2.957535123526008544e-02
2.957535123526008544e-02
2.957535123526008544e-02
2.957535123526008544e-02
2.957535123526008544e-02
2.957535123526008544e-02
2.957535123526008544e-02
2.957535123526008544e-02
2.957535123526008544e-02
2.957535123526008544e-02
2.957535123526008544e-02
2.957535123526008544e-02
2.957535123526008544e-02
2.957535123526008544e-02
2.957535123526008544e-02
2.957535123526008544e-02
2.957535123526008544e-02
2.601164779686136047e-02
2.601164779686136047e-02
2.601164779686136047e-02
2.601164779686136047e-02
2.601164779686136047e-02
2.601164779686136047e-02
2.601164779686136047e-02
2.601164779686136047e-02
2.601164779686136047e-02
3.280850325536797257e-02
3.280850325536797257e-02
3.280850325536797257e-02
3.280850325536797257e-02
3.280850325536797257e-02
3.280850325536797257e-02
3.280850325536797257e-02
3.280850325536797257e-02
3.280850325536797257e-02
3.280850325536797257e-02
3.280850325536797257e-02
3.280850325536797257e-02
3.280850325536797257e-02
3.280850325536797257e-02
3.280850325536797257e-02
3.574720574998740269e-02
3.574720574998740269e-02
3.574720574998740269e-02
3.574720574998740269e-02
3.574720574998740269e-02
3.574720574998740269e-02
3.574720574998740269e-02
3.574720574998740269e-02
3.574720574998740269e-02
3.574720574998740269e-02
3.574720574998740269e-02
3.574720574998740269e-02
3.574720574998740269e-02
3.495572120359629470e-02
3.495572120359629470e-02
3.495572120359629470e-02
3.495572120359629470e-02
3.495572120359629470e-02
3.495572120359629470e-02
2.495978604742773305e-02
2.495978604742773305e-02
2.495978604742773305e-02
2.495978604742773305e-02
2.495978604742773305e-02
2.966779975270679437e-02
2.966779975270679437e-02
2.966779975270679437e-02
2.966779975270679437e-02
2.966779975270679437e-02
2.966779975270679437e-02
2.966779975270679437e-02
2.966779975270679437e-02
2.966779975270679437e-02
2.966779975270679437e-02
2.966779975270679437e-02
2.966779975270679437e-02
2.966779975270679437e-02
2.676838356765137011e-02
2.676838356765137011e-02
2.676838356765137011e-02
2.676838356765137011e-02
2.676838356765137011e-02
2.676838356765137011e-02
2.676838356765137011e-02
2.676838356765137011e-02
2.676838356765137011e-02
2.676838356765137011e-02
2.676838356765137011e-02
2.676838356765137011e-02
2.676838356765137011e-02
2.938830029830190663e-02
2.938830029830190663e-02
2.938830029830190663e-02
2.938830029830190663e-02
2.938830029830190663e-02
2.938830029830190663e-02
2.938830029830190663e-02
2.938830029830190663e-02
2.938830029830190663e-02
2.938830029830190663e-02
2.938830029830190663e-02
2.938830029830190663e-02
2.938830029830190663e-02
2.938830029830190663e-02
1.023167093542782721e-02
1.023167093542782721e-02
1.023167093542782721e-02
1.023167093542782721e-02
1.023167093542782721e-02
3.814763455305454458e-03
3.814763455305454458e-03
3.814763455305454458e-03
7.447566183636735240e-03
7.447566183636735240e-03
7.447566183636735240e-03
7.447566183636735240e-03
7.447566183636735240e-03
7.447566183636735240e-03
7.447566183636735240e-03
7.447566183636735240e-03
7.447566183636735240e-03
7.447566183636735240e-03
7.447566183636735240e-03
3.975606579444383552e-03
3.975606579444383552e-03
3.975606579444383552e-03
3.975606579444383552e-03
3.975606579444383552e-03
3.975606579444383552e-03
3.975606579444383552e-03
3.975606579444383552e-03
3.975606579444383552e-03
3.975606579444383552e-03
3.975606579444383552e-03
3.975606579444383552e-03
3.975606579444383552e-03
3.975606579444383552e-03
3.998262517519383941e-03
3.998262517519383941e-03
3.998262517519383941e-03
3.998262517519383941e-03
3.998262517519383941e-03
3.998262517519383941e-03
3.998262517519383941e-03
3.998262517519383941e-03
3.998262517519383941e-03
3.998262517519383941e-03
3.998262517519383941e-03
3.998262517519383941e-03
3.998262517519383941e-03
3.998262517519383941e-03
3.998262517519383941e-03
3.998262517519383941e-03
2.131904368385520009e-03
2.131904368385520009e-03
2.131904368385520009e-03
2.131904368385520009e-03
2.131904368385520009e-03
2.131904368385520009e-03
2.131904368385520009e-03
2.131904368385520009e-03
2.131904368385520009e-03
2.131904368385520009e-03
2.131904368385520009e-03
2.131904368385520009e-03
2.131904368385520009e-03
2.131904368385520009e-03
5.333767747429072302e-03
5.333767747429072302e-03
5.333767747429072302e-03
5.333767747429072302e-03
5.333767747429072302e-03
5.333767747429072302e-03
5.333767747429072302e-03
5.333767747429072302e-03
5.333767747429072302e-03
5.333767747429072302e-03
5.333767747429072302e-03
5.333767747429072302e-03
5.333767747429072302e-03
5.333767747429072302e-03
5.333767747429072302e-03
5.333767747429072302e-03
5.333767747429072302e-03
4.084472276501592038e-03
4.084472276501592038e-03
4.084472276501592038e-03
4.084472276501592038e-03
4.084472276501592038e-03
4.084472276501592038e-03
4.084472276501592038e-03
4.084472276501592038e-03
4.084472276501592038e-03
4.084472276501592038e-03
4.084472276501592038e-03
4.084472276501592038e-03
4.084472276501592038e-03
4.084472276501592038e-03
4.084472276501592038e-03
4.084472276501592038e-03
3.939561745654855847e-03
3.939561745654855847e-03
3.939561745654855847e-03
3.939561745654855847e-03
3.939561745654855847e-03
3.939561745654855847e-03
3.939561745654855847e-03
3.939561745654855847e-03
3.939561745654855847e-03
3.939561745654855847e-03
3.939561745654855847e-03
3.939561745654855847e-03
3.939561745654855847e-03
3.939561745654855847e-03
3.939561745654855847e-03
2.937702883156121953e-03
2.937702883156121953e-03
2.937702883156121953e-03
2.937702883156121953e-03
2.937702883156121953e-03
2.937702883156121953e-03
2.937702883156121953e-03
2.937702883156121953e-03
2.937702883156121953e-03
2.937702883156121953e-03
2.937702883156121953e-03
2.937702883156121953e-03
2.937702883156121953e-03
2.937702883156121953e-03
1.304497015945890823e-03
1.304497015945890823e-03
1.304497015945890823e-03
1.304497015945890823e-03
1.304497015945890823e-03
1.304497015945890823e-03
1.304497015945890823e-03
1.322979914286758667e-03
1.322979914286758667e-03
1.322979914286758667e-03
1.322979914286758667e-03
1.322979914286758667e-03
1.322979914286758667e-03
1.322979914286758667e-03
1.322979914286758667e-03
1.322979914286758667e-03
1.322979914286758667e-03
1.322979914286758667e-03
1.322979914286758667e-03
1.322979914286758667e-03
1.322979914286758667e-03
1.460144130812645246e-03
1.460144130812645246e-03
1.460144130812645246e-03
1.460144130812645246e-03
1.460144130812645246e-03
1.460144130812645246e-03
1.460144130812645246e-03
1.460144130812645246e-03
1.460144130812645246e-03
1.460144130812645246e-03
1.460144130812645246e-03
1.460144130812645246e-03
1.460144130812645246e-03
1.460144130812645246e-03
5.807985235810986073e-03
5.807985235810986073e-03
5.807985235810986073e-03
5.807985235810986073e-03
5.807985235810986073e-03
1.460718293025879341e-03
1.460718293025879341e-03
1.460718293025879341e-03
1.460718293025879341e-03
1.460718293025879341e-03
1.460718293025879341e-03
1.460718293025879341e-03
1.460718293025879341e-03
1.460718293025879341e-03
1.460718293025879341e-03
1.460718293025879341e-03
1.460718293025879341e-03
1.460718293025879341e-03
1.460718293025879341e-03
1.623468437486704635e-02
1.623468437486704635e-02
1.623468437486704635e-02
1.623468437486704635e-02
1.623468437486704635e-02
1.623468437486704635e-02
1.004012631348908009e-02
1.004012631348908009e-02
1.004012631348908009e-02
1.004012631348908009e-02
1.004012631348908009e-02
1.004012631348908009e-02
1.004012631348908009e-02
1.009974466364603300e-02
1.009974466364603300e-02
1.009974466364603300e-02
1.009974466364603300e-02
1.009974466364603300e-02
1.009974466364603300e-02
1.009974466364603300e-02
1.009974466364603300e-02
1.128185098409742980e-02
1.128185098409742980e-02
1.128185098409742980e-02
1.128185098409742980e-02
1.128185098409742980e-02
1.128185098409742980e-02
1.128185098409742980e-02
1.128185098409742980e-02
1.128185098409742980e-02
1.128185098409742980e-02
1.128185098409742980e-02
1.128185098409742980e-02
1.128185098409742980e-02
1.240993874548505446e-02
1.240993874548505446e-02
1.240993874548505446e-02
1.240993874548505446e-02
1.240993874548505446e-02
1.240993874548505446e-02
1.240993874548505446e-02
1.240993874548505446e-02
1.240993874548505446e-02
1.240993874548505446e-02
1.240993874548505446e-02
1.240993874548505446e-02
1.576286724527024147e-02
1.576286724527024147e-02
1.576286724527024147e-02
1.576286724527024147e-02
1.576286724527024147e-02
1.576286724527024147e-02
1.576286724527024147e-02
2.543370323867749291e-02
2.543370323867749291e-02
2.543370323867749291e-02
2.543370323867749291e-02
2.543370323867749291e-02
2.543370323867749291e-02
1.992708764667941099e-02
1.992708764667941099e-02
1.992708764667941099e-02
1.992708764667941099e-02
1.992708764667941099e-02
1.992708764667941099e-02
1.992708764667941099e-02
2.282409804629153757e-02
2.282409804629153757e-02
2.282409804629153757e-02
2.282409804629153757e-02
1.513292045202298090e-02
1.513292045202298090e-02
1.513292045202298090e-02
1.513292045202298090e-02
1.513292045202298090e-02
1.513292045202298090e-02
1.513292045202298090e-02
1.513292045202298090e-02
1.513292045202298090e-02
1.513292045202298090e-02
1.796157853857734826e-02
1.796157853857734826e-02
1.796157853857734826e-02
1.796157853857734826e-02
1.796157853857734826e-02
1.796157853857734826e-02
1.796157853857734826e-02
3.547993111583252340e-03
1.308694478253813638e-02
1.308694478253813638e-02
1.308694478253813638e-02
1.308694478253813638e-02
1.308694478253813638e-02
1.308694478253813638e-02
1.308694478253813638e-02
1.308694478253813638e-02
1.308694478253813638e-02
1.308694478253813638e-02
1.531343342766526734e-02
1.531343342766526734e-02
1.531343342766526734e-02
1.531343342766526734e-02
1.531343342766526734e-02
1.531343342766526734e-02
1.531343342766526734e-02
1.531343342766526734e-02
1.531343342766526734e-02
1.531343342766526734e-02
1.531343342766526734e-02
1.531343342766526734e-02
2.937346182025342770e-02
2.937346182025342770e-02
2.937346182025342770e-02
2.937346182025342770e-02
1.774234561822081793e-02
1.774234561822081793e-02
1.774234561822081793e-02
1.774234561822081793e-02
1.774234561822081793e-02
1.774234561822081793e-02
1.774234561822081793e-02
1.489036651843475903e-02
1.489036651843475903e-02
1.489036651843475903e-02
1.489036651843475903e-02
1.489036651843475903e-02
1.489036651843475903e-02
1.489036651843475903e-02
1.489036651843475903e-02
8.409817362962614812e-03
8.409817362962614812e-03
8.409817362962614812e-03
8.409817362962614812e-03
8.409817362962614812e-03
8.409817362962614812e-03
8.409817362962614812e-03
8.409817362962614812e-03
8.409817362962614812e-03
1.501161651604005116e-02
1.501161651604005116e-02
1.501161651604005116e-02
1.501161651604005116e-02
1.501161651604005116e-02
1.501161651604005116e-02
1.501161651604005116e-02
1.501161651604005116e-02
1.653839697620900634e-02
1.653839697620900634e-02
1.653839697620900634e-02
1.653839697620900634e-02
1.653839697620900634e-02
1.653839697620900634e-02
1.653839697620900634e-02
3.371031897236588526e-02
3.371031897236588526e-02
3.371031897236588526e-02
3.371031897236588526e-02
3.371031897236588526e-02
3.371031897236588526e-02
3.371031897236588526e-02
3.371031897236588526e-02
3.371031897236588526e-02
3.371031897236588526e-02
3.371031897236588526e-02
3.371031897236588526e-02
8.701021298171154189e-03
8.701021298171154189e-03
8.701021298171154189e-03
8.701021298171154189e-03
8.701021298171154189e-03
8.701021298171154189e-03
8.701021298171154189e-03
8.701021298171154189e-03
8.701021298171154189e-03
7.957788797935683167e-03
7.957788797935683167e-03
7.957788797935683167e-03
7.957788797935683167e-03
7.957788797935683167e-03
7.957788797935683167e-03
7.957788797935683167e-03
7.957788797935683167e-03
2.311429621789157750e-03
2.311429621789157750e-03
2.311429621789157750e-03
2.311429621789157750e-03
2.311429621789157750e-03
2.311429621789157750e-03
2.311429621789157750e-03
2.311429621789157750e-03
2.311429621789157750e-03
2.311429621789157750e-03
2.311429621789157750e-03
2.311429621789157750e-03
2.311429621789157750e-03
5.529307424667635057e-03
5.529307424667635057e-03
5.529307424667635057e-03
5.529307424667635057e-03
5.529307424667635057e-03
5.529307424667635057e-03
5.529307424667635057e-03
5.529307424667635057e-03
5.529307424667635057e-03
5.529307424667635057e-03
5.529307424667635057e-03
5.529307424667635057e-03
5.529307424667635057e-03
5.529307424667635057e-03
9.812285569753095849e-03
9.812285569753095849e-03
9.812285569753095849e-03
9.812285569753095849e-03
9.812285569753095849e-03
9.812285569753095849e-03
9.812285569753095849e-03
9.812285569753095849e-03
9.812285569753095849e-03
9.812285569753095849e-03
9.812285569753095849e-03
9.144074382516187427e-03
9.144074382516187427e-03
9.144074382516187427e-03
9.144074382516187427e-03
9.144074382516187427e-03
9.144074382516187427e-03
9.144074382516187427e-03
9.144074382516187427e-03
9.144074382516187427e-03
9.144074382516187427e-03
1.014827463452937055e-02
1.014827463452937055e-02
1.014827463452937055e-02
1.014827463452937055e-02
1.014827463452937055e-02
1.014827463452937055e-02
1.014827463452937055e-02
1.014827463452937055e-02
1.014827463452937055e-02
5.541599263437345206e-03
3.547993111583252340e-03
