1.260110092483970184e-02
1.260110092483970184e-02
1.260110092483970184e-02
1.260110092483970184e-02
1.527629259078374388e-03
1.527629259078374388e-03
1.527629259078374388e-03
1.527629259078374388e-03
7.909856594259034174e-03
7.909856594259034174e-03
7.909856594259034174e-03
7.909856594259034174e-03
7.909856594259034174e-03
7.909856594259034174e-03
7.909856594259034174e-03
7.909856594259034174e-03
7.909856594259034174e-03
3.954675868363502489e-02
3.954675868363502489e-02
3.954675868363502489e-02
3.954675868363502489e-02
3.954675868363502489e-02
3.954675868363502489e-02
3.954675868363502489e-02
3.954675868363502489e-02
6.573922384285935810e-03
6.573922384285935810e-03
6.573922384285935810e-03
6.573922384285935810e-03
6.573922384285935810e-03
6.573922384285935810e-03
6.573922384285935810e-03
6.573922384285935810e-03
4.752242162333560060e-02
4.752242162333560060e-02
4.752242162333560060e-02
4.752242162333560060e-02
4.752242162333560060e-02
4.752242162333560060e-02
3.706995450445907392e-02
3.706995450445907392e-02
3.706995450445907392e-02
3.706995450445907392e-02
3.706995450445907392e-02
3.706995450445907392e-02
3.706995450445907392e-02
3.706995450445907392e-02
5.182042401433970685e-02
5.182042401433970685e-02
5.182042401433970685e-02
2.321393409762258914e-02
2.321393409762258914e-02
2.321393409762258914e-02
2.321393409762258914e-02
2.321393409762258914e-02
2.321393409762258914e-02
1.704117165472188167e-02
1.704117165472188167e-02
1.704117165472188167e-02
1.704117165472188167e-02
1.704117165472188167e-02
1.704117165472188167e-02
1.704117165472188167e-02
1.704117165472188167e-02
3.073058547469979807e-02
3.073058547469979807e-02
3.073058547469979807e-02
3.073058547469979807e-02
3.073058547469979807e-02
2.031612114588229184e-02
2.031612114588229184e-02
2.031612114588229184e-02
2.031612114588229184e-02
2.031612114588229184e-02
2.031612114588229184e-02
3.691672677108781553e-02
3.691672677108781553e-02
3.691672677108781553e-02
3.691672677108781553e-02
3.691672677108781553e-02
3.691672677108781553e-02
3.691672677108781553e-02
3.691672677108781553e-02
3.691672677108781553e-02
3.691672677108781553e-02
2.025709427878957455e-02
2.025709427878957455e-02
2.025709427878957455e-02
2.025709427878957455e-02
2.025709427878957455e-02
2.025709427878957455e-02
2.025709427878957455e-02
2.025709427878957455e-02
2.025709427878957455e-02
2.474085307284781127e-02
2.474085307284781127e-02
2.474085307284781127e-02
2.474085307284781127e-02
2.474085307284781127e-02
2.474085307284781127e-02
2.474085307284781127e-02
2.474085307284781127e-02
4.504391090294141559e-02
4.504391090294141559e-02
4.504391090294141559e-02
4.504391090294141559e-02
4.504391090294141559e-02
4.504391090294141559e-02
4.504391090294141559e-02
4.504391090294141559e-02
2.881447615781412841e-02
2.881447615781412841e-02
2.881447615781412841e-02
2.881447615781412841e-02
3.609097333900403159e-02
3.609097333900403159e-02
3.609097333900403159e-02
3.609097333900403159e-02
3.609097333900403159e-02
3.609097333900403159e-02
1.631907342919738978e-03
1.631907342919738978e-03
1.631907342919738978e-03
2.316474549501327911e-03
2.316474549501327911e-03
2.316474549501327911e-03
2.316474549501327911e-03
6.689476012291306617e-02
6.689476012291306617e-02
6.689476012291306617e-02
4.504483556762151064e-02
4.504483556762151064e-02
4.504483556762151064e-02
7.809216650444587848e-03
7.809216650444587848e-03
7.809216650444587848e-03
7.809216650444587848e-03
7.809216650444587848e-03
7.809216650444587848e-03
7.809216650444587848e-03
8.625297324892575168e-03
8.625297324892575168e-03
8.625297324892575168e-03
8.625297324892575168e-03
8.625297324892575168e-03
8.625297324892575168e-03
8.625297324892575168e-03
8.625297324892575168e-03
3.473198562838163139e-02
3.473198562838163139e-02
3.473198562838163139e-02
3.473198562838163139e-02
3.473198562838163139e-02
3.473198562838163139e-02
3.473198562838163139e-02
3.473198562838163139e-02
3.277627406533084597e-02
3.277627406533084597e-02
3.277627406533084597e-02
3.277627406533084597e-02
3.277627406533084597e-02
3.277627406533084597e-02
3.277627406533084597e-02
3.277627406533084597e-02
3.277627406533084597e-02
1.818761830219445264e-02
1.818761830219445264e-02
1.818761830219445264e-02
1.818761830219445264e-02
1.818761830219445264e-02
1.818761830219445264e-02
2.578098267576035135e-02
2.578098267576035135e-02
2.578098267576035135e-02
2.578098267576035135e-02
2.578098267576035135e-02
2.578098267576035135e-02
3.180786520798249695e-02
3.180786520798249695e-02
3.180786520798249695e-02
3.180786520798249695e-02
3.180786520798249695e-02
2.067977989402785405e-02
2.067977989402785405e-02
2.067977989402785405e-02
2.067977989402785405e-02
2.067977989402785405e-02
2.067977989402785405e-02
5.195294168861348816e-02
5.195294168861348816e-02
5.195294168861348816e-02
3.229351191845619695e-02
3.229351191845619695e-02
3.229351191845619695e-02
3.229351191845619695e-02
3.229351191845619695e-02
3.229351191845619695e-02
3.229351191845619695e-02
3.229351191845619695e-02
8.197433408463974946e-04
8.197433408463974946e-04
8.197433408463974946e-04
4.331270064283315735e-02
4.331270064283315735e-02
4.331270064283315735e-02
4.331270064283315735e-02
3.418748319083520643e-02
3.418748319083520643e-02
3.418748319083520643e-02
3.418748319083520643e-02
3.418748319083520643e-02
3.418748319083520643e-02
3.418748319083520643e-02
3.418748319083520643e-02
3.282977236442886915e-02
3.282977236442886915e-02
3.282977236442886915e-02
3.282977236442886915e-02
3.282977236442886915e-02
3.282977236442886915e-02
3.282977236442886915e-02
3.282977236442886915e-02
3.282977236442886915e-02
3.282977236442886915e-02
3.376396932606293144e-02
3.376396932606293144e-02
3.376396932606293144e-02
3.376396932606293144e-02
3.376396932606293144e-02
2.901004048479835160e-02
2.901004048479835160e-02
2.901004048479835160e-02
2.901004048479835160e-02
2.901004048479835160e-02
2.002472594840400133e-02
2.002472594840400133e-02
2.002472594840400133e-02
2.870015354261333182e-02
2.870015354261333182e-02
2.870015354261333182e-02
2.022216262954852628e-02
2.022216262954852628e-02
2.022216262954852628e-02
2.022216262954852628e-02
2.022216262954852628e-02
2.022216262954852628e-02
1.603746950186568654e-02
1.603746950186568654e-02
1.603746950186568654e-02
1.603746950186568654e-02
1.603746950186568654e-02
1.603746950186568654e-02
1.603746950186568654e-02
2.397658888362112425e-02
2.397658888362112425e-02
2.397658888362112425e-02
2.397658888362112425e-02
2.397658888362112425e-02
2.397658888362112425e-02
2.397658888362112425e-02
2.397658888362112425e-02
2.171516502938735174e-02
2.171516502938735174e-02
2.171516502938735174e-02
2.171516502938735174e-02
2.171516502938735174e-02
1.364681200698745697e-02
1.364681200698745697e-02
1.364681200698745697e-02
1.364681200698745697e-02
1.364681200698745697e-02
1.364681200698745697e-02
1.364681200698745697e-02
1.364681200698745697e-02
2.407646394576108684e-02
2.407646394576108684e-02
2.407646394576108684e-02
2.407646394576108684e-02
2.407646394576108684e-02
2.407646394576108684e-02
2.407646394576108684e-02
2.407646394576108684e-02
6.757563635471500359e-03
6.757563635471500359e-03
6.757563635471500359e-03
6.757563635471500359e-03
6.757563635471500359e-03
6.757563635471500359e-03
6.757563635471500359e-03
1.453238781541307291e-02
1.453238781541307291e-02
1.453238781541307291e-02
1.453238781541307291e-02
1.453238781541307291e-02
1.453238781541307291e-02
1.453238781541307291e-02
1.453238781541307291e-02
2.998738653419907516e-02
2.998738653419907516e-02
2.998738653419907516e-02
2.998738653419907516e-02
2.998738653419907516e-02
2.998738653419907516e-02
1.706556469631269682e-02
1.706556469631269682e-02
1.706556469631269682e-02
1.706556469631269682e-02
1.706556469631269682e-02
1.706556469631269682e-02
1.706556469631269682e-02
4.955068089318372809e-02
4.955068089318372809e-02
4.955068089318372809e-02
4.315319468805597913e-02
4.315319468805597913e-02
4.315319468805597913e-02
4.315319468805597913e-02
4.315319468805597913e-02
4.315319468805597913e-02
4.315319468805597913e-02
4.315319468805597913e-02
4.065405053759174603e-02
4.065405053759174603e-02
4.065405053759174603e-02
4.065405053759174603e-02
4.065405053759174603e-02
4.065405053759174603e-02
3.030513513944844625e-02
3.030513513944844625e-02
3.030513513944844625e-02
3.030513513944844625e-02
3.030513513944844625e-02
1.950542755372020043e-02
1.950542755372020043e-02
1.950542755372020043e-02
1.950542755372020043e-02
1.950542755372020043e-02
1.950542755372020043e-02
1.950542755372020043e-02
1.950542755372020043e-02
