7.360043981810117375e-02
6.831749838961277688e-02
6.831749838961277688e-02
6.445701688800917206e-02
6.445701688800917206e-02
6.445701688800917206e-02
6.445701688800917206e-02
6.702009978624016984e-02
6.702009978624016984e-02
6.702009978624016984e-02
6.702009978624016984e-02
1.272375690167908656e-02
1.272375690167908656e-02
1.272375690167908656e-02
1.244627512010773075e-02
1.244627512010773075e-02
1.244627512010773075e-02
1.206981246475720589e-02
1.206981246475720589e-02
1.206981246475720589e-02
1.588633793123061036e-02
4.257299874603644174e-02
4.257299874603644174e-02
4.257299874603644174e-02
4.257299874603644174e-02
4.790171341858725368e-02
4.790171341858725368e-02
4.790171341858725368e-02
4.790171341858725368e-02
1.341365325512500206e-02
1.341365325512500206e-02
1.341365325512500206e-02
1.341365325512500206e-02
1.341365325512500206e-02
1.488960821352276667e-03
1.488960821352276667e-03
1.488960821352276667e-03
1.488960821352276667e-03
1.488960821352276667e-03
7.991939436978057892e-03
1.423210926214996466e-03
1.423210926214996466e-03
3.410495678161707712e-03
3.410495678161707712e-03
3.410495678161707712e-03
3.410495678161707712e-03
3.410495678161707712e-03
2.410514384663975471e-03
9.921116127269580948e-03
9.921116127269580948e-03
9.921116127269580948e-03
9.921116127269580948e-03
6.019266321356828847e-03
6.019266321356828847e-03
6.019266321356828847e-03
6.019266321356828847e-03
6.019266321356828847e-03
8.996150714050868413e-03
8.996150714050868413e-03
8.996150714050868413e-03
8.996150714050868413e-03
4.898538216521636929e-02
4.898538216521636929e-02
4.898538216521636929e-02
4.898538216521636929e-02
4.914900986528126375e-02
4.914900986528126375e-02
4.914900986528126375e-02
4.914900986528126375e-02
4.914900986528126375e-02
4.627023896281130116e-02
4.627023896281130116e-02
4.627023896281130116e-02
1.249804553604674968e-02
1.249804553604674968e-02
1.249804553604674968e-02
2.457188232412653439e-02
2.457188232412653439e-02
2.457188232412653439e-02
2.457188232412653439e-02
1.758224167581113120e-02
1.758224167581113120e-02
1.758224167581113120e-02
1.758224167581113120e-02
7.568080892175110819e-02
5.495744761439926712e-02
5.495744761439926712e-02
7.872386698782148085e-02
6.240103990607751699e-02
6.240103990607751699e-02
6.240103990607751699e-02
6.790263423762037120e-02
6.790263423762037120e-02
6.790263423762037120e-02
6.336473050456743750e-02
7.097009873000573177e-02
7.097009873000573177e-02
6.310870536818137533e-02
6.463484838282843037e-02
6.463484838282843037e-02
1.588633793123061036e-02
1.588633793123061036e-02
4.311115989822630196e-02
4.311115989822630196e-02
4.311115989822630196e-02
4.508561394950230672e-02
4.508561394950230672e-02
4.508561394950230672e-02
4.276263458337748596e-02
4.276263458337748596e-02
4.276263458337748596e-02
5.020671567891747678e-02
5.020671567891747678e-02
5.020671567891747678e-02
5.020671567891747678e-02
4.921938327858700613e-02
4.921938327858700613e-02
4.921938327858700613e-02
4.276088337046613647e-02
4.276088337046613647e-02
4.276088337046613647e-02
4.276088337046613647e-02
4.276088337046613647e-02
4.276088337046613647e-02
4.276088337046613647e-02
4.276088337046613647e-02
4.345224563480425822e-02
4.345224563480425822e-02
4.345224563480425822e-02
4.345224563480425822e-02
4.345224563480425822e-02
4.345224563480425822e-02
4.345224563480425822e-02
3.231595313285607479e-02
3.231595313285607479e-02
3.231595313285607479e-02
3.231595313285607479e-02
3.231595313285607479e-02
3.231595313285607479e-02
3.231595313285607479e-02
3.231595313285607479e-02
3.231595313285607479e-02
3.730694961911228125e-02
3.730694961911228125e-02
3.730694961911228125e-02
3.730694961911228125e-02
3.730694961911228125e-02
3.730694961911228125e-02
3.201405984460705539e-02
3.201405984460705539e-02
3.201405984460705539e-02
3.201405984460705539e-02
3.201405984460705539e-02
3.201405984460705539e-02
3.201405984460705539e-02
3.201405984460705539e-02
3.201405984460705539e-02
4.063218725018565708e-02
4.063218725018565708e-02
4.063218725018565708e-02
4.063218725018565708e-02
4.063218725018565708e-02
4.063218725018565708e-02
4.063218725018565708e-02
4.696745359360272182e-02
4.696745359360272182e-02
4.696745359360272182e-02
4.696745359360272182e-02
4.696745359360272182e-02
4.696745359360272182e-02
4.543347806496531027e-02
4.543347806496531027e-02
4.543347806496531027e-02
4.543347806496531027e-02
4.543347806496531027e-02
4.543347806496531027e-02
4.543347806496531027e-02
4.543347806496531027e-02
2.343553563397561892e-02
2.343553563397561892e-02
2.343553563397561892e-02
6.260881619128105813e-03
6.260881619128105813e-03
6.260881619128105813e-03
6.260881619128105813e-03
6.260881619128105813e-03
7.991939436978057892e-03
7.991939436978057892e-03
7.991939436978057892e-03
7.991939436978057892e-03
7.991939436978057892e-03
7.991939436978057892e-03
7.991939436978057892e-03
4.105016733705955760e-03
4.105016733705955760e-03
4.105016733705955760e-03
4.105016733705955760e-03
4.105016733705955760e-03
4.105016733705955760e-03
1.756880774851887674e-03
1.756880774851887674e-03
1.756880774851887674e-03
1.756880774851887674e-03
1.756880774851887674e-03
1.020910237864797393e-03
1.020910237864797393e-03
1.020910237864797393e-03
1.020910237864797393e-03
1.020910237864797393e-03
2.633870496961467599e-03
2.633870496961467599e-03
2.633870496961467599e-03
1.915151252191279064e-03
1.915151252191279064e-03
1.915151252191279064e-03
1.915151252191279064e-03
1.915151252191279064e-03
1.915151252191279064e-03
1.915151252191279064e-03
1.915151252191279064e-03
1.915151252191279064e-03
2.226782864393790119e-03
2.226782864393790119e-03
2.226782864393790119e-03
2.226782864393790119e-03
1.116074048839461874e-02
1.116074048839461874e-02
1.116074048839461874e-02
1.116074048839461874e-02
3.552795869515390330e-03
3.552795869515390330e-03
3.552795869515390330e-03
5.028771113867092427e-03
5.028771113867092427e-03
5.028771113867092427e-03
5.028771113867092427e-03
5.028771113867092427e-03
5.028771113867092427e-03
5.028771113867092427e-03
5.028771113867092427e-03
4.430433424234920745e-03
4.430433424234920745e-03
4.430433424234920745e-03
4.430433424234920745e-03
1.884259551090990224e-03
1.884259551090990224e-03
1.884259551090990224e-03
1.884259551090990224e-03
1.884259551090990224e-03
2.342370870563881269e-03
2.342370870563881269e-03
2.342370870563881269e-03
2.342370870563881269e-03
2.342370870563881269e-03
2.410514384663975471e-03
2.410514384663975471e-03
1.318083910042546977e-02
1.318083910042546977e-02
1.318083910042546977e-02
1.318083910042546977e-02
1.318083910042546977e-02
1.318083910042546977e-02
1.318083910042546977e-02
2.376903678716696389e-02
2.376903678716696389e-02
2.376903678716696389e-02
2.645033459457512073e-02
2.645033459457512073e-02
2.645033459457512073e-02
2.645033459457512073e-02
2.645033459457512073e-02
2.645033459457512073e-02
2.645033459457512073e-02
2.645033459457512073e-02
4.775070482446707593e-02
4.775070482446707593e-02
4.775070482446707593e-02
4.775070482446707593e-02
4.775070482446707593e-02
4.775070482446707593e-02
4.775070482446707593e-02
4.775070482446707593e-02
4.572525446880804090e-02
4.572525446880804090e-02
4.572525446880804090e-02
4.572525446880804090e-02
4.572525446880804090e-02
4.572525446880804090e-02
4.572525446880804090e-02
3.426457078388796262e-02
3.426457078388796262e-02
3.426457078388796262e-02
3.426457078388796262e-02
3.426457078388796262e-02
3.426457078388796262e-02
3.426457078388796262e-02
3.426457078388796262e-02
3.210582804707603349e-02
3.210582804707603349e-02
3.210582804707603349e-02
3.210582804707603349e-02
3.210582804707603349e-02
3.210582804707603349e-02
3.210582804707603349e-02
3.210582804707603349e-02
3.210582804707603349e-02
3.210582804707603349e-02
3.210582804707603349e-02
2.022429450658358441e-02
2.022429450658358441e-02
2.022429450658358441e-02
2.022429450658358441e-02
2.022429450658358441e-02
2.022429450658358441e-02
5.008114260089852748e-02
5.008114260089852748e-02
5.008114260089852748e-02
4.113583569609186030e-02
4.113583569609186030e-02
4.113583569609186030e-02
4.113583569609186030e-02
4.113583569609186030e-02
4.113583569609186030e-02
4.113583569609186030e-02
4.113583569609186030e-02
4.113583569609186030e-02
4.470817290987235543e-02
4.470817290987235543e-02
4.470817290987235543e-02
4.470817290987235543e-02
4.470817290987235543e-02
4.470817290987235543e-02
5.001599875332370798e-02
5.001599875332370798e-02
5.001599875332370798e-02
4.934042739879948569e-02
4.934042739879948569e-02
4.934042739879948569e-02
5.020368438885262213e-02
5.020368438885262213e-02
5.020368438885262213e-02
5.020368438885262213e-02
4.103373796545947694e-02
4.103373796545947694e-02
4.103373796545947694e-02
4.419106466712931225e-02
4.419106466712931225e-02
4.419106466712931225e-02
4.419106466712931225e-02
7.568080892175110819e-02
7.568080892175110819e-02
6.185522755990786187e-02
6.778714909350666562e-02
6.778714909350666562e-02
7.360043981810117375e-02
7.872386698782148085e-02
6.336473050456743750e-02
6.310870536818137533e-02
6.185522755990786187e-02
