1.524228911247771726e-02
4.875201029449873109e-03
4.875201029449873109e-03
8.822130703307964894e-03
4.875201029449873109e-03
8.822130703307964894e-03
2.060023861933075323e-02
2.681592080626853721e-03
2.681592080626853721e-03
2.681592080626853721e-03
2.060023861933075323e-02
1.524228911247771726e-02
1.524228911247771726e-02
2.510624029144456135e-02
2.693161813893869307e-03
2.693161813893869307e-03
1.540296176786849942e-02
1.726305819939322542e-02
1.726305819939322542e-02
1.795768795179262037e-02
1.045678331824852290e-03
1.045678331824852290e-03
1.045678331824852290e-03
1.045678331824852290e-03
1.045678331824852290e-03
1.045678331824852290e-03
1.045678331824852290e-03
1.045678331824852290e-03
8.333119208991547969e-03
8.333119208991547969e-03
8.333119208991547969e-03
8.333119208991547969e-03
8.333119208991547969e-03
8.333119208991547969e-03
8.333119208991547969e-03
8.333119208991547969e-03
8.333119208991547969e-03
8.333119208991547969e-03
8.333119208991547969e-03
8.333119208991547969e-03
8.333119208991547969e-03
1.267489629282399222e-02
1.877687918740053238e-02
1.877687918740053238e-02
1.527394328106038666e-02
1.877687918740053238e-02
2.556816405588197959e-03
2.510624029144456135e-02
2.510624029144456135e-02
2.510624029144456135e-02
2.510624029144456135e-02
2.510624029144456135e-02
1.544474797580727872e-02
2.231669442430914488e-02
1.048163802041309628e-02
2.231669442430914488e-02
2.231669442430914488e-02
2.231669442430914488e-02
1.795768795179262037e-02
1.417740072917641342e-02
1.417740072917641342e-02
2.194652891991987972e-02
1.571128011788581590e-03
1.274285226660571736e-02
1.274285226660571736e-02
1.274285226660571736e-02
1.274285226660571736e-02
1.274285226660571736e-02
1.571128011788581590e-03
1.571128011788581590e-03
1.571128011788581590e-03
1.685043326659083074e-02
6.077653665185652788e-03
6.077653665185652788e-03
6.077653665185652788e-03
6.077653665185652788e-03
1.685043326659083074e-02
2.747868908762847451e-02
2.747868908762847451e-02
2.747868908762847451e-02
2.747868908762847451e-02
2.747868908762847451e-02
2.747868908762847451e-02
1.256006136058425773e-02
1.256006136058425773e-02
1.256006136058425773e-02
3.771000124086529293e-02
1.256006136058425773e-02
1.256006136058425773e-02
1.256006136058425773e-02
3.771000124086529293e-02
3.771000124086529293e-02
3.771000124086529293e-02
2.556816405588197959e-03
2.556816405588197959e-03
1.172887722732713495e-02
9.952698555025009733e-03
9.952698555025009733e-03
1.795768795179262037e-02
1.795768795179262037e-02
1.238981681838401995e-02
1.795768795179262037e-02
1.795768795179262037e-02
2.524203097987852418e-02
2.524203097987852418e-02
2.524203097987852418e-02
2.524203097987852418e-02
2.524203097987852418e-02
5.874303099715670823e-04
2.524203097987852418e-02
2.524203097987852418e-02
2.524203097987852418e-02
2.524203097987852418e-02
2.524203097987852418e-02
2.524203097987852418e-02
2.524203097987852418e-02
2.524203097987852418e-02
2.524203097987852418e-02
5.874303099715670823e-04
1.874760581010482402e-03
2.558110116964692430e-03
2.558110116964692430e-03
1.172887722732713495e-02
2.725527088583634509e-03
2.725527088583634509e-03
5.173221089455350662e-03
1.298463226932089314e-02
1.298463226932089314e-02
3.310298449507158638e-03
1.298463226932089314e-02
1.874760581010482402e-03
1.874760581010482402e-03
1.874760581010482402e-03
1.874760581010482402e-03
1.874760581010482402e-03
1.874760581010482402e-03
1.874760581010482402e-03
1.874760581010482402e-03
5.295749239632558357e-04
1.230714688800014014e-02
1.230714688800014014e-02
1.230714688800014014e-02
1.230714688800014014e-02
1.230714688800014014e-02
1.230714688800014014e-02
1.230714688800014014e-02
1.230714688800014014e-02
5.676221292637613318e-03
1.150698767172720488e-02
1.150698767172720488e-02
1.150698767172720488e-02
1.150698767172720488e-02
8.268392631603520195e-04
8.268392631603520195e-04
8.268392631603520195e-04
4.944199390480478497e-03
8.268392631603520195e-04
8.268392631603520195e-04
8.268392631603520195e-04
4.944199390480478497e-03
4.944199390480478497e-03
4.944199390480478497e-03
1.634828286202012065e-02
1.262965108112167924e-02
1.262965108112167924e-02
1.262965108112167924e-02
1.262965108112167924e-02
1.262965108112167924e-02
1.262965108112167924e-02
1.262965108112167924e-02
1.262965108112167924e-02
1.262965108112167924e-02
1.262965108112167924e-02
1.262965108112167924e-02
1.262965108112167924e-02
1.238981681838401995e-02
1.197507644480711071e-02
1.197507644480711071e-02
1.197507644480711071e-02
1.197507644480711071e-02
1.197507644480711071e-02
1.197507644480711071e-02
1.197507644480711071e-02
1.197507644480711071e-02
1.197507644480711071e-02
1.197507644480711071e-02
1.197507644480711071e-02
5.716654058242711701e-03
5.716654058242711701e-03
5.716654058242711701e-03
5.716654058242711701e-03
5.716654058242711701e-03
5.716654058242711701e-03
5.716654058242711701e-03
5.716654058242711701e-03
5.716654058242711701e-03
5.716654058242711701e-03
5.716654058242711701e-03
8.984242747866812997e-05
2.427410787811096551e-02
2.427410787811096551e-02
2.427410787811096551e-02
2.427410787811096551e-02
2.427410787811096551e-02
2.427410787811096551e-02
1.634828286202012065e-02
1.634828286202012065e-02
5.173221089455350662e-03
5.173221089455350662e-03
5.173221089455350662e-03
5.173221089455350662e-03
1.544474797580727872e-02
1.544474797580727872e-02
1.544474797580727872e-02
1.544474797580727872e-02
5.676221292637613318e-03
5.676221292637613318e-03
5.676221292637613318e-03
5.676221292637613318e-03
5.676221292637613318e-03
5.676221292637613318e-03
5.676221292637613318e-03
5.676221292637613318e-03
5.676221292637613318e-03
5.676221292637613318e-03
5.676221292637613318e-03
5.676221292637613318e-03
1.172887722732713495e-02
1.172887722732713495e-02
1.172887722732713495e-02
1.172887722732713495e-02
1.172887722732713495e-02
1.172887722732713495e-02
1.172887722732713495e-02
1.527394328106038666e-02
1.874465974968921034e-02
1.874465974968921034e-02
2.194652891991987972e-02
2.546060951844043851e-02
2.546060951844043851e-02
1.267489629282399222e-02
1.267489629282399222e-02
1.267489629282399222e-02
1.267489629282399222e-02
2.194652891991987972e-02
2.194652891991987972e-02
2.194652891991987972e-02
4.005285988037397479e-03
1.540296176786849942e-02
4.005285988037397479e-03
5.169511000860516417e-03
5.169511000860516417e-03
2.886666900289860862e-03
2.339062657389710635e-03
2.339062657389710635e-03
2.339062657389710635e-03
2.339062657389710635e-03
4.005285988037397479e-03
4.005285988037397479e-03
4.005285988037397479e-03
5.295749239632558357e-04
5.295749239632558357e-04
7.311322202226815462e-03
1.989389428759979345e-02
1.989389428759979345e-02
1.063175516870846007e-02
2.886666900289860862e-03
1.063175516870846007e-02
1.063175516870846007e-02
1.063175516870846007e-02
1.063175516870846007e-02
1.063175516870846007e-02
1.063175516870846007e-02
1.063175516870846007e-02
1.063175516870846007e-02
1.063175516870846007e-02
1.063175516870846007e-02
1.685043326659083074e-02
8.680101841997621762e-03
8.680101841997621762e-03
8.680101841997621762e-03
8.680101841997621762e-03
8.680101841997621762e-03
8.680101841997621762e-03
8.680101841997621762e-03
8.680101841997621762e-03
8.680101841997621762e-03
8.680101841997621762e-03
8.680101841997621762e-03
8.680101841997621762e-03
8.680101841997621762e-03
3.310298449507158638e-03
8.041321718378254815e-04
8.041321718378254815e-04
8.984242747866812997e-05
8.984242747866812997e-05
8.984242747866812997e-05
8.984242747866812997e-05
7.311322202226815462e-03
7.311322202226815462e-03
7.311322202226815462e-03
7.311322202226815462e-03
7.311322202226815462e-03
7.311322202226815462e-03
7.311322202226815462e-03
7.311322202226815462e-03
