7.670757205542538988e-03
7.670757205542538988e-03
7.670757205542538988e-03
7.670757205542538988e-03
7.670757205542538988e-03
7.670757205542538988e-03
7.670757205542538988e-03
7.670757205542538988e-03
7.670757205542538988e-03
7.670757205542538988e-03
7.670757205542538988e-03
7.670757205542538988e-03
7.670757205542538988e-03
1.279880397621454419e-02
3.359544287874541985e-02
3.359544287874541985e-02
3.359544287874541985e-02
3.359544287874541985e-02
1.279880397621454419e-02
3.359544287874541985e-02
8.885176963378652731e-03
8.885176963378652731e-03
8.885176963378652731e-03
8.885176963378652731e-03
8.885176963378652731e-03
8.885176963378652731e-03
8.885176963378652731e-03
8.885176963378652731e-03
8.885176963378652731e-03
8.885176963378652731e-03
8.885176963378652731e-03
7.353559795549468496e-04
7.353559795549468496e-04
7.353559795549468496e-04
7.353559795549468496e-04
7.353559795549468496e-04
7.353559795549468496e-04
7.353559795549468496e-04
7.353559795549468496e-04
7.353559795549468496e-04
7.353559795549468496e-04
7.353559795549468496e-04
7.353559795549468496e-04
7.353559795549468496e-04
7.353559795549468496e-04
7.353559795549468496e-04
1.815431930844309261e-02
2.500774684322604885e-02
2.500774684322604885e-02
2.500774684322604885e-02
2.500774684322604885e-02
2.500774684322604885e-02
2.500774684322604885e-02
2.500774684322604885e-02
2.500774684322604885e-02
2.018565610254306059e-02
0.000000000000000000e+00
0.000000000000000000e+00
0.000000000000000000e+00
0.000000000000000000e+00
0.000000000000000000e+00
0.000000000000000000e+00
9.826714735541882892e-03
1.597486156813849797e-02
1.597486156813849797e-02
2.018565610254306059e-02
2.018565610254306059e-02
2.018565610254306059e-02
2.018565610254306059e-02
1.335269137858442236e-02
8.718681616830424239e-03
8.718681616830424239e-03
8.718681616830424239e-03
8.718681616830424239e-03
8.718681616830424239e-03
8.718681616830424239e-03
8.718681616830424239e-03
8.718681616830424239e-03
8.718681616830424239e-03
8.718681616830424239e-03
1.036035159993310174e-02
1.041962621689961239e-02
1.041962621689961239e-02
1.041962621689961239e-02
1.041962621689961239e-02
1.041962621689961239e-02
1.041962621689961239e-02
6.644815913384210376e-03
3.224757205868298941e-03
3.224757205868298941e-03
3.224757205868298941e-03
3.224757205868298941e-03
3.224757205868298941e-03
3.224757205868298941e-03
3.224757205868298941e-03
3.224757205868298941e-03
0.000000000000000000e+00
0.000000000000000000e+00
0.000000000000000000e+00
0.000000000000000000e+00
0.000000000000000000e+00
0.000000000000000000e+00
0.000000000000000000e+00
4.748273104609753922e-03
4.748273104609753922e-03
4.748273104609753922e-03
4.748273104609753922e-03
4.748273104609753922e-03
4.748273104609753922e-03
4.748273104609753922e-03
4.748273104609753922e-03
4.748273104609753922e-03
4.748273104609753922e-03
4.748273104609753922e-03
4.748273104609753922e-03
4.748273104609753922e-03
7.404070693273824208e-03
7.404070693273824208e-03
7.404070693273824208e-03
7.404070693273824208e-03
7.404070693273824208e-03
7.404070693273824208e-03
7.404070693273824208e-03
7.404070693273824208e-03
7.404070693273824208e-03
7.404070693273824208e-03
7.404070693273824208e-03
4.272378567090565765e-03
1.288806279866741393e-02
1.288806279866741393e-02
4.272378567090565765e-03
4.272378567090565765e-03
4.272378567090565765e-03
4.272378567090565765e-03
4.272378567090565765e-03
4.272378567090565765e-03
4.272378567090565765e-03
4.272378567090565765e-03
9.856826724636361114e-02
9.856826724636361114e-02
9.856826724636361114e-02
9.856826724636361114e-02
9.856826724636361114e-02
9.856826724636361114e-02
9.856826724636361114e-02
9.856826724636361114e-02
9.856826724636361114e-02
9.856826724636361114e-02
9.856826724636361114e-02
0.000000000000000000e+00
0.000000000000000000e+00
0.000000000000000000e+00
8.800862701432920002e-03
8.800862701432920002e-03
8.800862701432920002e-03
8.800862701432920002e-03
8.800862701432920002e-03
8.800862701432920002e-03
8.800862701432920002e-03
8.800862701432920002e-03
8.800862701432920002e-03
8.800862701432920002e-03
8.800862701432920002e-03
1.553200408355332775e-02
2.088092574563255727e-02
2.088092574563255727e-02
2.088092574563255727e-02
2.088092574563255727e-02
2.088092574563255727e-02
2.088092574563255727e-02
2.088092574563255727e-02
2.088092574563255727e-02
9.090616101771697988e-03
9.826714735541882892e-03
5.674219978143459769e-03
5.674219978143459769e-03
5.674219978143459769e-03
5.674219978143459769e-03
5.674219978143459769e-03
5.674219978143459769e-03
5.674219978143459769e-03
5.674219978143459769e-03
5.674219978143459769e-03
5.674219978143459769e-03
5.674219978143459769e-03
5.674219978143459769e-03
5.674219978143459769e-03
5.674219978143459769e-03
5.674219978143459769e-03
7.150634275101729921e-03
9.090616101771697988e-03
9.090616101771697988e-03
9.090616101771697988e-03
9.090616101771697988e-03
9.090616101771697988e-03
1.335269137858442236e-02
1.335269137858442236e-02
1.812152652158529817e-02
0.000000000000000000e+00
0.000000000000000000e+00
1.673669703782908538e-02
1.673669703782908538e-02
1.673669703782908538e-02
2.801787182305888815e-02
1.673669703782908538e-02
2.298704246559431577e-02
2.298704246559431577e-02
2.298704246559431577e-02
2.298704246559431577e-02
2.298704246559431577e-02
2.298704246559431577e-02
2.298704246559431577e-02
2.298704246559431577e-02
2.298704246559431577e-02
2.298704246559431577e-02
2.298704246559431577e-02
2.298704246559431577e-02
2.298704246559431577e-02
2.801787182305888815e-02
1.085392357543753239e-02
2.801787182305888815e-02
0.000000000000000000e+00
9.617383120916775038e-03
9.617383120916775038e-03
9.617383120916775038e-03
9.617383120916775038e-03
9.617383120916775038e-03
9.617383120916775038e-03
9.617383120916775038e-03
9.617383120916775038e-03
2.323821489921127151e-02
2.323821489921127151e-02
2.323821489921127151e-02
2.323821489921127151e-02
2.323821489921127151e-02
2.323821489921127151e-02
2.323821489921127151e-02
2.323821489921127151e-02
2.323821489921127151e-02
2.323821489921127151e-02
2.323821489921127151e-02
2.323821489921127151e-02
2.323821489921127151e-02
2.323821489921127151e-02
2.323821489921127151e-02
1.909809999586869339e-02
1.528046832506473919e-02
1.528046832506473919e-02
1.528046832506473919e-02
1.528046832506473919e-02
1.528046832506473919e-02
1.528046832506473919e-02
1.528046832506473919e-02
1.528046832506473919e-02
1.528046832506473919e-02
1.528046832506473919e-02
1.276200123644957024e-02
1.276200123644957024e-02
1.276200123644957024e-02
1.276200123644957024e-02
1.276200123644957024e-02
1.276200123644957024e-02
1.276200123644957024e-02
1.276200123644957024e-02
1.276200123644957024e-02
1.276200123644957024e-02
1.276200123644957024e-02
3.847332285925834927e-02
7.884440869935080073e-03
7.884440869935080073e-03
7.884440869935080073e-03
7.884440869935080073e-03
7.884440869935080073e-03
7.884440869935080073e-03
1.633147483508909717e-03
9.406727933811361714e-03
9.406727933811361714e-03
9.406727933811361714e-03
9.406727933811361714e-03
9.406727933811361714e-03
9.406727933811361714e-03
9.406727933811361714e-03
9.406727933811361714e-03
9.406727933811361714e-03
9.406727933811361714e-03
9.406727933811361714e-03
9.406727933811361714e-03
0.000000000000000000e+00
0.000000000000000000e+00
0.000000000000000000e+00
0.000000000000000000e+00
0.000000000000000000e+00
0.000000000000000000e+00
0.000000000000000000e+00
0.000000000000000000e+00
1.851842937093730766e-03
1.851842937093730766e-03
1.851842937093730766e-03
5.514744470423195433e-03
1.851842937093730766e-03
1.851842937093730766e-03
1.851842937093730766e-03
1.851842937093730766e-03
1.851842937093730766e-03
1.851842937093730766e-03
1.851842937093730766e-03
1.851842937093730766e-03
1.851842937093730766e-03
2.512528167933834530e-02
1.860757457517700844e-02
1.860757457517700844e-02
1.860757457517700844e-02
1.860757457517700844e-02
3.626929617187778232e-02
2.234609909369104138e-03
4.562403042765120903e-02
4.562403042765120903e-02
4.562403042765120903e-02
4.562403042765120903e-02
4.562403042765120903e-02
2.234609909369104138e-03
2.234609909369104138e-03
2.234609909369104138e-03
1.815431930844309261e-02
1.815431930844309261e-02
1.553200408355332775e-02
1.553200408355332775e-02
2.774527324668232993e-03
2.774527324668232993e-03
2.774527324668232993e-03
2.774527324668232993e-03
2.774527324668232993e-03
2.774527324668232993e-03
2.774527324668232993e-03
2.774527324668232993e-03
2.774527324668232993e-03
2.774527324668232993e-03
2.774527324668232993e-03
2.774527324668232993e-03
2.774527324668232993e-03
2.774527324668232993e-03
2.774527324668232993e-03
2.774527324668232993e-03
2.774527324668232993e-03
8.687256418928798740e-03
1.357004717754199501e-02
1.357004717754199501e-02
1.357004717754199501e-02
1.357004717754199501e-02
1.357004717754199501e-02
1.357004717754199501e-02
1.357004717754199501e-02
1.357004717754199501e-02
5.514744470423195433e-03
2.400041684351903598e-02
2.400041684351903598e-02
2.400041684351903598e-02
2.400041684351903598e-02
2.400041684351903598e-02
2.400041684351903598e-02
1.948755188023564358e-02
1.675483603722201231e-02
1.675483603722201231e-02
3.967606212136185612e-03
1.093006704939656487e-02
1.093006704939656487e-02
1.093006704939656487e-02
1.093006704939656487e-02
1.093006704939656487e-02
1.093006704939656487e-02
1.093006704939656487e-02
1.093006704939656487e-02
2.512528167933834530e-02
2.512528167933834530e-02
2.512528167933834530e-02
2.512528167933834530e-02
2.512528167933834530e-02
2.512528167933834530e-02
2.512528167933834530e-02
2.512528167933834530e-02
0.000000000000000000e+00
0.000000000000000000e+00
0.000000000000000000e+00
8.687256418928798740e-03
8.687256418928798740e-03
8.687256418928798740e-03
8.687256418928798740e-03
1.380771129356024411e-02
1.386787508415819950e-02
1.386787508415819950e-02
1.386787508415819950e-02
1.386787508415819950e-02
1.386787508415819950e-02
1.386787508415819950e-02
0.000000000000000000e+00
0.000000000000000000e+00
0.000000000000000000e+00
0.000000000000000000e+00
0.000000000000000000e+00
7.150634275101729921e-03
4.984461721404803876e-03
4.984461721404803876e-03
1.788420500177032718e-02
2.719891359727430111e-02
2.719891359727430111e-02
2.719891359727430111e-02
2.719891359727430111e-02
2.719891359727430111e-02
2.719891359727430111e-02
2.719891359727430111e-02
2.719891359727430111e-02
2.719891359727430111e-02
2.719891359727430111e-02
3.967606212136185612e-03
3.967606212136185612e-03
3.967606212136185612e-03
3.967606212136185612e-03
2.705750335987528940e-02
8.408741834475567598e-03
8.408741834475567598e-03
1.085392357543753239e-02
1.085392357543753239e-02
1.085392357543753239e-02
0.000000000000000000e+00
2.705750335987528940e-02
2.705750335987528940e-02
2.705750335987528940e-02
1.380771129356024411e-02
1.380771129356024411e-02
1.380771129356024411e-02
1.380771129356024411e-02
6.976792744366931915e-04
5.152769848535548869e-03
5.152769848535548869e-03
1.788420500177032718e-02
1.788420500177032718e-02
1.788420500177032718e-02
1.788420500177032718e-02
1.633147483508909717e-03
1.633147483508909717e-03
1.633147483508909717e-03
1.633147483508909717e-03
3.847332285925834927e-02
3.847332285925834927e-02
3.847332285925834927e-02
3.847332285925834927e-02
3.847332285925834927e-02
3.847332285925834927e-02
7.150634275101729921e-03
6.314913323568868697e-02
2.930340529683489112e-02
2.930340529683489112e-02
2.930340529683489112e-02
2.930340529683489112e-02
2.930340529683489112e-02
2.930340529683489112e-02
6.644815913384210376e-03
1.428721844345344841e-02
1.428721844345344841e-02
1.428721844345344841e-02
1.428721844345344841e-02
6.314913323568868697e-02
6.095691754465280138e-02
6.095691754465280138e-02
1.948755188023564358e-02
1.557193185736072474e-02
1.557193185736072474e-02
1.557193185736072474e-02
1.557193185736072474e-02
1.036035159993310174e-02
1.036035159993310174e-02
1.036035159993310174e-02
1.036035159993310174e-02
0.000000000000000000e+00
6.644815913384210376e-03
1.909809999586869339e-02
1.909809999586869339e-02
0.000000000000000000e+00
0.000000000000000000e+00
0.000000000000000000e+00
1.765223043680360510e-02
1.117186588555172007e-02
1.117186588555172007e-02
1.114472034969898190e-02
1.399656296589773348e-03
1.399656296589773348e-03
3.074289704059943607e-03
3.074289704059943607e-03
3.074289704059943607e-03
3.074289704059943607e-03
3.074289704059943607e-03
3.074289704059943607e-03
3.074289704059943607e-03
3.074289704059943607e-03
3.074289704059943607e-03
3.074289704059943607e-03
3.074289704059943607e-03
1.114472034969898190e-02
1.114472034969898190e-02
1.114472034969898190e-02
1.114472034969898190e-02
1.114472034969898190e-02
1.114472034969898190e-02
1.114472034969898190e-02
1.114472034969898190e-02
1.948755188023564358e-02
1.948755188023564358e-02
1.948755188023564358e-02
1.948755188023564358e-02
1.948755188023564358e-02
1.765223043680360510e-02
2.190705602101139862e-02
2.190705602101139862e-02
2.190705602101139862e-02
2.190705602101139862e-02
6.976792744366931915e-04
6.976792744366931915e-04
6.976792744366931915e-04
6.976792744366931915e-04
6.976792744366931915e-04
6.976792744366931915e-04
6.976792744366931915e-04
6.976792744366931915e-04
1.812152652158529817e-02
1.812152652158529817e-02
1.812152652158529817e-02
1.812152652158529817e-02
1.812152652158529817e-02
1.812152652158529817e-02
1.812152652158529817e-02
1.812152652158529817e-02
6.965656731106218726e-03
3.327255319062446398e-02
3.327255319062446398e-02
3.327255319062446398e-02
3.327255319062446398e-02
3.327255319062446398e-02
3.327255319062446398e-02
3.327255319062446398e-02
3.327255319062446398e-02
3.327255319062446398e-02
3.327255319062446398e-02
6.314913323568868697e-02
3.892183059308679943e-02
6.722704988359616725e-03
6.722704988359616725e-03
6.722704988359616725e-03
6.722704988359616725e-03
6.722704988359616725e-03
6.722704988359616725e-03
6.722704988359616725e-03
6.722704988359616725e-03
6.965656731106218726e-03
6.965656731106218726e-03
0.000000000000000000e+00
0.000000000000000000e+00
1.765223043680360510e-02
1.765223043680360510e-02
1.765223043680360510e-02
1.765223043680360510e-02
1.765223043680360510e-02
3.892183059308679943e-02
3.892183059308679943e-02
1.279880397621454419e-02
1.279880397621454419e-02
1.279880397621454419e-02
3.626929617187778232e-02
3.626929617187778232e-02
