8.965160973424196947e-03
1.891245819966813971e-02
1.891245819966813971e-02
1.891245819966813971e-02
1.891245819966813971e-02
1.891245819966813971e-02
1.891245819966813971e-02
1.891245819966813971e-02
1.891245819966813971e-02
1.891245819966813971e-02
1.891245819966813971e-02
1.891245819966813971e-02
1.891245819966813971e-02
1.310009343663676683e-02
1.221015846630079273e-05
1.221015846630079273e-05
1.221015846630079273e-05
1.221015846630079273e-05
1.221015846630079273e-05
1.221015846630079273e-05
1.221015846630079273e-05
1.221015846630079273e-05
1.221015846630079273e-05
1.221015846630079273e-05
2.806272087844032675e-02
1.629832738719122834e-02
1.629832738719122834e-02
1.629832738719122834e-02
1.629832738719122834e-02
1.629832738719122834e-02
1.629832738719122834e-02
1.629832738719122834e-02
1.629832738719122834e-02
5.428930344035459189e-03
5.336642174335107063e-03
5.336642174335107063e-03
1.203090017535714436e-02
4.774073196448139211e-03
4.774073196448139211e-03
4.774073196448139211e-03
4.774073196448139211e-03
4.774073196448139211e-03
4.774073196448139211e-03
4.774073196448139211e-03
4.774073196448139211e-03
3.078075232879531886e-02
1.302166179258198650e-02
1.302166179258198650e-02
1.302166179258198650e-02
1.302166179258198650e-02
1.302166179258198650e-02
1.302166179258198650e-02
1.302166179258198650e-02
1.302166179258198650e-02
1.302166179258198650e-02
1.302166179258198650e-02
5.428930344035459189e-03
7.374371091357616141e-03
7.374371091357616141e-03
7.374371091357616141e-03
7.374371091357616141e-03
3.873042774340975172e-03
1.646659986525017202e-02
1.646659986525017202e-02
1.646659986525017202e-02
1.646659986525017202e-02
1.463575355203059099e-02
1.463575355203059099e-02
1.463575355203059099e-02
1.463575355203059099e-02
1.463575355203059099e-02
1.463575355203059099e-02
1.463575355203059099e-02
1.463575355203059099e-02
1.463575355203059099e-02
1.463575355203059099e-02
1.463575355203059099e-02
1.463575355203059099e-02
1.463575355203059099e-02
1.318113183659213976e-02
1.318113183659213976e-02
1.318113183659213976e-02
1.318113183659213976e-02
1.318113183659213976e-02
1.318113183659213976e-02
1.318113183659213976e-02
1.318113183659213976e-02
1.318113183659213976e-02
1.318113183659213976e-02
1.318113183659213976e-02
6.545692840129425753e-03
9.380554818558825905e-03
9.380554818558825905e-03
9.380554818558825905e-03
9.380554818558825905e-03
9.380554818558825905e-03
9.380554818558825905e-03
9.380554818558825905e-03
9.380554818558825905e-03
9.380554818558825905e-03
9.380554818558825905e-03
9.380554818558825905e-03
9.380554818558825905e-03
9.380554818558825905e-03
9.380554818558825905e-03
9.380554818558825905e-03
9.380554818558825905e-03
9.380554818558825905e-03
9.380554818558825905e-03
9.380554818558825905e-03
9.380554818558825905e-03
9.380554818558825905e-03
9.380554818558825905e-03
1.421379473433375534e-02
6.727997492557953943e-03
6.727997492557953943e-03
1.863117213656903526e-02
3.404787332458034110e-02
3.404787332458034110e-02
3.404787332458034110e-02
3.404787332458034110e-02
3.404787332458034110e-02
3.404787332458034110e-02
1.393463328315872919e-02
3.805102237825287769e-04
3.805102237825287769e-04
3.805102237825287769e-04
3.805102237825287769e-04
3.805102237825287769e-04
3.805102237825287769e-04
3.805102237825287769e-04
3.805102237825287769e-04
3.805102237825287769e-04
3.805102237825287769e-04
1.854520375681178654e-02
2.056237686561962139e-02
2.056237686561962139e-02
2.056237686561962139e-02
2.056237686561962139e-02
2.056237686561962139e-02
2.056237686561962139e-02
2.056237686561962139e-02
2.056237686561962139e-02
9.886324201481980559e-03
1.393463328315872919e-02
9.886324201481980559e-03
1.243018437250991044e-02
9.886324201481980559e-03
1.854520375681178654e-02
1.854520375681178654e-02
1.854520375681178654e-02
1.854520375681178654e-02
1.854520375681178654e-02
1.854520375681178654e-02
1.854520375681178654e-02
1.854520375681178654e-02
1.315378101949185238e-02
4.906728059357526664e-03
4.906728059357526664e-03
4.906728059357526664e-03
4.906728059357526664e-03
4.811618000200206316e-03
7.468008622791576061e-03
7.468008622791576061e-03
9.529864852718925722e-03
9.529864852718925722e-03
9.529864852718925722e-03
9.529864852718925722e-03
9.529864852718925722e-03
9.529864852718925722e-03
9.529864852718925722e-03
9.529864852718925722e-03
9.529864852718925722e-03
9.529864852718925722e-03
9.529864852718925722e-03
9.529864852718925722e-03
9.529864852718925722e-03
3.873042774340975172e-03
6.545692840129425753e-03
6.545692840129425753e-03
6.545692840129425753e-03
6.558768396146267242e-03
6.558768396146267242e-03
6.558768396146267242e-03
6.558768396146267242e-03
6.558768396146267242e-03
6.558768396146267242e-03
6.558768396146267242e-03
6.558768396146267242e-03
6.558768396146267242e-03
6.558768396146267242e-03
6.558768396146267242e-03
6.558768396146267242e-03
6.558768396146267242e-03
1.453997844218466763e-02
1.453997844218466763e-02
1.453997844218466763e-02
1.453997844218466763e-02
1.453997844218466763e-02
1.453997844218466763e-02
1.453997844218466763e-02
1.453997844218466763e-02
1.453997844218466763e-02
1.453997844218466763e-02
1.453997844218466763e-02
1.453997844218466763e-02
1.453997844218466763e-02
1.453997844218466763e-02
1.453997844218466763e-02
1.388413256598109574e-02
1.217350270833797519e-03
1.217350270833797519e-03
1.217350270833797519e-03
1.217350270833797519e-03
1.217350270833797519e-03
1.217350270833797519e-03
1.217350270833797519e-03
1.217350270833797519e-03
7.964924026035632987e-02
3.581938620122543816e-03
3.581938620122543816e-03
4.381384871738707582e-03
1.244322998756422364e-03
1.244322998756422364e-03
1.244322998756422364e-03
1.244322998756422364e-03
1.407219293252858806e-02
1.407219293252858806e-02
1.407219293252858806e-02
1.407219293252858806e-02
1.407219293252858806e-02
1.407219293252858806e-02
1.407219293252858806e-02
1.407219293252858806e-02
1.407219293252858806e-02
1.407219293252858806e-02
1.407219293252858806e-02
1.407219293252858806e-02
1.407219293252858806e-02
1.407219293252858806e-02
1.407219293252858806e-02
2.493198469351521479e-02
2.493198469351521479e-02
2.493198469351521479e-02
2.493198469351521479e-02
2.493198469351521479e-02
2.493198469351521479e-02
2.493198469351521479e-02
2.493198469351521479e-02
2.493198469351521479e-02
2.493198469351521479e-02
2.493198469351521479e-02
2.493198469351521479e-02
2.493198469351521479e-02
2.493198469351521479e-02
2.493198469351521479e-02
4.297006847402902972e-03
9.504587702953256473e-03
9.504587702953256473e-03
4.381384871738707582e-03
4.381384871738707582e-03
4.381384871738707582e-03
4.381384871738707582e-03
4.381384871738707582e-03
4.381384871738707582e-03
4.297006847402902972e-03
4.297006847402902972e-03
4.297006847402902972e-03
4.297006847402902972e-03
4.297006847402902972e-03
4.297006847402902972e-03
4.297006847402902972e-03
4.297006847402902972e-03
4.297006847402902972e-03
4.297006847402902972e-03
7.891482387830113521e-03
7.891482387830113521e-03
7.891482387830113521e-03
7.891482387830113521e-03
7.891482387830113521e-03
7.891482387830113521e-03
7.891482387830113521e-03
7.891482387830113521e-03
7.891482387830113521e-03
7.891482387830113521e-03
7.891482387830113521e-03
1.421379473433375534e-02
1.656813127511038916e-02
1.656813127511038916e-02
0.000000000000000000e+00
0.000000000000000000e+00
0.000000000000000000e+00
9.432042051277572323e-03
9.432042051277572323e-03
9.432042051277572323e-03
9.432042051277572323e-03
9.432042051277572323e-03
9.432042051277572323e-03
9.432042051277572323e-03
9.432042051277572323e-03
9.432042051277572323e-03
9.432042051277572323e-03
9.432042051277572323e-03
2.023842539627624532e-02
6.095267042789584075e-03
6.095267042789584075e-03
6.095267042789584075e-03
6.095267042789584075e-03
6.095267042789584075e-03
6.095267042789584075e-03
6.095267042789584075e-03
6.095267042789584075e-03
7.129950129762311489e-03
7.129950129762311489e-03
7.129950129762311489e-03
7.129950129762311489e-03
7.129950129762311489e-03
7.129950129762311489e-03
7.129950129762311489e-03
7.129950129762311489e-03
7.129950129762311489e-03
7.129950129762311489e-03
7.129950129762311489e-03
2.821067442725432722e-02
0.000000000000000000e+00
0.000000000000000000e+00
0.000000000000000000e+00
0.000000000000000000e+00
0.000000000000000000e+00
0.000000000000000000e+00
0.000000000000000000e+00
0.000000000000000000e+00
0.000000000000000000e+00
0.000000000000000000e+00
0.000000000000000000e+00
0.000000000000000000e+00
5.674760967682018764e-03
1.611422910713975962e-03
1.611422910713975962e-03
3.722749051857798894e-03
2.105089484675432693e-02
2.105089484675432693e-02
2.105089484675432693e-02
2.105089484675432693e-02
1.635919346734458074e-02
5.674760967682018764e-03
5.674760967682018764e-03
5.674760967682018764e-03
1.950239862397086521e-02
1.950239862397086521e-02
1.950239862397086521e-02
1.950239862397086521e-02
1.950239862397086521e-02
1.950239862397086521e-02
1.950239862397086521e-02
1.950239862397086521e-02
1.950239862397086521e-02
1.950239862397086521e-02
1.950239862397086521e-02
1.950239862397086521e-02
1.950239862397086521e-02
1.950239862397086521e-02
1.950239862397086521e-02
1.950239862397086521e-02
1.950239862397086521e-02
2.801915827194841752e-02
6.093339924711088651e-03
6.093339924711088651e-03
6.093339924711088651e-03
6.093339924711088651e-03
6.093339924711088651e-03
6.093339924711088651e-03
6.093339924711088651e-03
6.093339924711088651e-03
1.075033925978534366e-02
2.068646400404108160e-02
2.068646400404108160e-02
2.068646400404108160e-02
2.068646400404108160e-02
2.068646400404108160e-02
2.068646400404108160e-02
2.068646400404108160e-02
2.068646400404108160e-02
4.811618000200206316e-03
1.315378101949185238e-02
1.315378101949185238e-02
1.315378101949185238e-02
1.315378101949185238e-02
1.315378101949185238e-02
1.233089273562884038e-02
1.555549957018054555e-02
1.555549957018054555e-02
1.626294612693331143e-02
1.626294612693331143e-02
1.626294612693331143e-02
1.626294612693331143e-02
1.626294612693331143e-02
1.626294612693331143e-02
1.626294612693331143e-02
1.626294612693331143e-02
1.626294612693331143e-02
1.626294612693331143e-02
1.626294612693331143e-02
1.626294612693331143e-02
1.626294612693331143e-02
1.626294612693331143e-02
1.626294612693331143e-02
1.626294612693331143e-02
1.626294612693331143e-02
1.626294612693331143e-02
1.626294612693331143e-02
1.233089273562884038e-02
2.173483190383256394e-02
2.173483190383256394e-02
2.173483190383256394e-02
2.173483190383256394e-02
1.572952713729784333e-02
1.572952713729784333e-02
1.572952713729784333e-02
1.572952713729784333e-02
1.572952713729784333e-02
1.572952713729784333e-02
1.572952713729784333e-02
1.572952713729784333e-02
1.572952713729784333e-02
1.572952713729784333e-02
1.572952713729784333e-02
1.572952713729784333e-02
1.572952713729784333e-02
2.041713687879212827e-02
3.080740319490701037e-03
3.080740319490701037e-03
3.080740319490701037e-03
3.080740319490701037e-03
3.080740319490701037e-03
3.080740319490701037e-03
3.080740319490701037e-03
3.080740319490701037e-03
3.080740319490701037e-03
3.080740319490701037e-03
3.080740319490701037e-03
3.080740319490701037e-03
3.080740319490701037e-03
3.080740319490701037e-03
3.080740319490701037e-03
3.080740319490701037e-03
7.964924026035632987e-02
3.189720215890574223e-02
3.189720215890574223e-02
3.189720215890574223e-02
3.189720215890574223e-02
9.965519653053457605e-02
1.692568638697982200e-02
1.692568638697982200e-02
0.000000000000000000e+00
1.773308331198180515e-02
1.773308331198180515e-02
1.773308331198180515e-02
1.773308331198180515e-02
1.773308331198180515e-02
1.773308331198180515e-02
1.773308331198180515e-02
1.773308331198180515e-02
1.773308331198180515e-02
1.773308331198180515e-02
1.773308331198180515e-02
1.773308331198180515e-02
1.773308331198180515e-02
1.773308331198180515e-02
1.773308331198180515e-02
1.773308331198180515e-02
1.773308331198180515e-02
1.773308331198180515e-02
1.773308331198180515e-02
1.773308331198180515e-02
1.773308331198180515e-02
1.773308331198180515e-02
7.585729426577524429e-03
7.585729426577524429e-03
7.585729426577524429e-03
7.585729426577524429e-03
7.585729426577524429e-03
7.585729426577524429e-03
7.585729426577524429e-03
7.585729426577524429e-03
7.585729426577524429e-03
7.585729426577524429e-03
7.585729426577524429e-03
7.585729426577524429e-03
7.585729426577524429e-03
7.585729426577524429e-03
7.585729426577524429e-03
0.000000000000000000e+00
0.000000000000000000e+00
0.000000000000000000e+00
0.000000000000000000e+00
0.000000000000000000e+00
1.635919346734458074e-02
1.635919346734458074e-02
1.635919346734458074e-02
1.635919346734458074e-02
1.693095936077985281e-02
7.379919518661844785e-03
7.379919518661844785e-03
0.000000000000000000e+00
0.000000000000000000e+00
0.000000000000000000e+00
0.000000000000000000e+00
0.000000000000000000e+00
0.000000000000000000e+00
0.000000000000000000e+00
0.000000000000000000e+00
0.000000000000000000e+00
3.368987084506950419e-02
1.693095936077985281e-02
1.693095936077985281e-02
1.693095936077985281e-02
1.693095936077985281e-02
1.693095936077985281e-02
2.041713687879212827e-02
2.041713687879212827e-02
9.321997758634396891e-03
9.321997758634396891e-03
9.321997758634396891e-03
9.321997758634396891e-03
9.321997758634396891e-03
9.321997758634396891e-03
9.321997758634396891e-03
9.321997758634396891e-03
9.321997758634396891e-03
9.321997758634396891e-03
9.321997758634396891e-03
3.751496462314066801e-04
4.559087856457593076e-03
4.559087856457593076e-03
4.559087856457593076e-03
4.559087856457593076e-03
4.559087856457593076e-03
4.559087856457593076e-03
4.559087856457593076e-03
4.559087856457593076e-03
2.837456226516250554e-02
2.881030808662662229e-02
2.837456226516250554e-02
2.837456226516250554e-02
2.837456226516250554e-02
2.837456226516250554e-02
2.837456226516250554e-02
2.837456226516250554e-02
2.837456226516250554e-02
2.837456226516250554e-02
2.837456226516250554e-02
2.881030808662662229e-02
2.326012946645478197e-02
3.161528343879074776e-02
3.161528343879074776e-02
3.161528343879074776e-02
3.161528343879074776e-02
3.161528343879074776e-02
3.161528343879074776e-02
2.810906912116809334e-02
2.810906912116809334e-02
2.810906912116809334e-02
2.810906912116809334e-02
9.674749776034103146e-03
9.674749776034103146e-03
9.674749776034103146e-03
9.674749776034103146e-03
9.674749776034103146e-03
9.674749776034103146e-03
9.674749776034103146e-03
9.674749776034103146e-03
9.674749776034103146e-03
9.674749776034103146e-03
9.674749776034103146e-03
9.674749776034103146e-03
9.674749776034103146e-03
1.045160461715103142e-02
0.000000000000000000e+00
0.000000000000000000e+00
0.000000000000000000e+00
0.000000000000000000e+00
6.479752735365063195e-03
2.236380111204482046e-02
2.236380111204482046e-02
2.236380111204482046e-02
2.236380111204482046e-02
2.236380111204482046e-02
2.236380111204482046e-02
2.236380111204482046e-02
2.236380111204482046e-02
0.000000000000000000e+00
2.437894543156250791e-03
2.437894543156250791e-03
2.437894543156250791e-03
2.437894543156250791e-03
2.437894543156250791e-03
2.437894543156250791e-03
2.437894543156250791e-03
2.437894543156250791e-03
2.437894543156250791e-03
2.437894543156250791e-03
1.045160461715103142e-02
1.045160461715103142e-02
1.045160461715103142e-02
1.045160461715103142e-02
1.045160461715103142e-02
1.045160461715103142e-02
1.203090017535714436e-02
1.203090017535714436e-02
5.832499829672827679e-02
4.678448797646159174e-02
4.678448797646159174e-02
4.678448797646159174e-02
4.678448797646159174e-02
4.678448797646159174e-02
4.678448797646159174e-02
5.096282773266971183e-02
4.001054503097887377e-02
4.001054503097887377e-02
4.001054503097887377e-02
4.001054503097887377e-02
4.001054503097887377e-02
4.001054503097887377e-02
4.001054503097887377e-02
4.001054503097887377e-02
4.001054503097887377e-02
4.001054503097887377e-02
1.393005051676026070e-02
2.372252768468131618e-03
2.372252768468131618e-03
4.372263413470363347e-02
3.611521189735602405e-02
3.611521189735602405e-02
3.611521189735602405e-02
3.611521189735602405e-02
3.611521189735602405e-02
3.611521189735602405e-02
3.611521189735602405e-02
3.611521189735602405e-02
3.611521189735602405e-02
3.611521189735602405e-02
6.479752735365063195e-03
6.479752735365063195e-03
4.319806569316632372e-02
1.393005051676026070e-02
1.393005051676026070e-02
1.393005051676026070e-02
1.393005051676026070e-02
1.393005051676026070e-02
4.319806569316632372e-02
2.024155809370018627e-03
2.024155809370018627e-03
2.024155809370018627e-03
2.024155809370018627e-03
1.460994209572279330e-02
8.874189864835746845e-04
8.874189864835746845e-04
1.460994209572279330e-02
1.504989076508602905e-02
1.504989076508602905e-02
1.504989076508602905e-02
1.504989076508602905e-02
1.504989076508602905e-02
1.504989076508602905e-02
0.000000000000000000e+00
0.000000000000000000e+00
0.000000000000000000e+00
0.000000000000000000e+00
0.000000000000000000e+00
0.000000000000000000e+00
0.000000000000000000e+00
0.000000000000000000e+00
0.000000000000000000e+00
0.000000000000000000e+00
0.000000000000000000e+00
0.000000000000000000e+00
0.000000000000000000e+00
0.000000000000000000e+00
0.000000000000000000e+00
0.000000000000000000e+00
0.000000000000000000e+00
0.000000000000000000e+00
0.000000000000000000e+00
0.000000000000000000e+00
0.000000000000000000e+00
0.000000000000000000e+00
0.000000000000000000e+00
1.347685423429314730e-02
1.347685423429314730e-02
1.347685423429314730e-02
1.347685423429314730e-02
1.347685423429314730e-02
1.347685423429314730e-02
1.347685423429314730e-02
1.347685423429314730e-02
1.347685423429314730e-02
1.347685423429314730e-02
1.347685423429314730e-02
2.326012946645478197e-02
2.326012946645478197e-02
2.326012946645478197e-02
2.326012946645478197e-02
1.479662846458398850e-02
2.390591205166819888e-02
2.390591205166819888e-02
2.390591205166819888e-02
2.390591205166819888e-02
2.390591205166819888e-02
2.390591205166819888e-02
2.390591205166819888e-02
2.390591205166819888e-02
8.309741753938035963e-03
3.722749051857798894e-03
3.722749051857798894e-03
3.722749051857798894e-03
9.918916259130318609e-04
0.000000000000000000e+00
5.607052159821233461e-04
0.000000000000000000e+00
2.515629214764150603e-03
4.414994515427788334e-03
4.414994515427788334e-03
2.962431882701762817e-02
3.368987084506950419e-02
2.962431882701762817e-02
3.368987084506950419e-02
3.368987084506950419e-02
1.427853428654935093e-03
4.780156195814697984e-05
4.780156195814697984e-05
1.444792641013112680e-02
8.292510997584589053e-03
8.292510997584589053e-03
5.682783066129631563e-03
7.249192958776171092e-03
7.249192958776171092e-03
7.249192958776171092e-03
7.249192958776171092e-03
6.365925451938496751e-03
6.365925451938496751e-03
6.365925451938496751e-03
6.365925451938496751e-03
6.365925451938496751e-03
1.101959706718559336e-03
6.365925451938496751e-03
9.423138857971444932e-03
1.130536655335710045e-02
1.130536655335710045e-02
1.130536655335710045e-02
1.130536655335710045e-02
2.781376838763997827e-02
2.781376838763997827e-02
2.781376838763997827e-02
2.781376838763997827e-02
2.781376838763997827e-02
2.781376838763997827e-02
2.781376838763997827e-02
2.781376838763997827e-02
2.781376838763997827e-02
2.781376838763997827e-02
2.781376838763997827e-02
7.510830223391941687e-03
1.813670952706208928e-02
1.813670952706208928e-02
1.813670952706208928e-02
1.813670952706208928e-02
1.813670952706208928e-02
1.813670952706208928e-02
0.000000000000000000e+00
1.211997162191319786e-04
1.211997162191319786e-04
1.211997162191319786e-04
1.211997162191319786e-04
7.456250234951783060e-03
1.133477462815188656e-03
1.133477462815188656e-03
1.133477462815188656e-03
1.133477462815188656e-03
1.133477462815188656e-03
1.133477462815188656e-03
2.243308534059588067e-03
9.918916259130318609e-04
2.243308534059588067e-03
2.243308534059588067e-03
2.243308534059588067e-03
2.243308534059588067e-03
2.243308534059588067e-03
5.297658754307787467e-03
5.297658754307787467e-03
5.297658754307787467e-03
5.297658754307787467e-03
5.297658754307787467e-03
5.297658754307787467e-03
5.297658754307787467e-03
5.297658754307787467e-03
5.297658754307787467e-03
5.297658754307787467e-03
5.297658754307787467e-03
5.297658754307787467e-03
5.297658754307787467e-03
5.297658754307787467e-03
5.297658754307787467e-03
5.297658754307787467e-03
5.297658754307787467e-03
2.195076773646051013e-02
2.725458638291555769e-02
2.725458638291555769e-02
2.725458638291555769e-02
2.725458638291555769e-02
2.725458638291555769e-02
2.725458638291555769e-02
2.725458638291555769e-02
2.725458638291555769e-02
1.101959706718559336e-03
9.844086516436840930e-04
5.960075687244751350e-04
5.960075687244751350e-04
5.960075687244751350e-04
5.960075687244751350e-04
5.960075687244751350e-04
9.844086516436840930e-04
0.000000000000000000e+00
0.000000000000000000e+00
0.000000000000000000e+00
0.000000000000000000e+00
0.000000000000000000e+00
0.000000000000000000e+00
0.000000000000000000e+00
0.000000000000000000e+00
0.000000000000000000e+00
0.000000000000000000e+00
0.000000000000000000e+00
0.000000000000000000e+00
0.000000000000000000e+00
0.000000000000000000e+00
0.000000000000000000e+00
0.000000000000000000e+00
0.000000000000000000e+00
0.000000000000000000e+00
0.000000000000000000e+00
0.000000000000000000e+00
0.000000000000000000e+00
0.000000000000000000e+00
0.000000000000000000e+00
0.000000000000000000e+00
0.000000000000000000e+00
0.000000000000000000e+00
0.000000000000000000e+00
0.000000000000000000e+00
0.000000000000000000e+00
0.000000000000000000e+00
0.000000000000000000e+00
8.542344977378485762e-03
8.027558914951167524e-03
8.027558914951167524e-03
2.180361577182606328e-02
1.048792992816037668e-02
1.048792992816037668e-02
1.048792992816037668e-02
1.048792992816037668e-02
1.048792992816037668e-02
1.048792992816037668e-02
1.048792992816037668e-02
1.048792992816037668e-02
1.048792992816037668e-02
1.048792992816037668e-02
1.310009343663676683e-02
1.310009343663676683e-02
2.175838352777086440e-02
0.000000000000000000e+00
0.000000000000000000e+00
1.317366421315905277e-02
7.456250234951783060e-03
7.456250234951783060e-03
7.456250234951783060e-03
0.000000000000000000e+00
0.000000000000000000e+00
0.000000000000000000e+00
0.000000000000000000e+00
0.000000000000000000e+00
0.000000000000000000e+00
0.000000000000000000e+00
0.000000000000000000e+00
0.000000000000000000e+00
0.000000000000000000e+00
0.000000000000000000e+00
0.000000000000000000e+00
1.498931135190172820e-02
0.000000000000000000e+00
0.000000000000000000e+00
0.000000000000000000e+00
7.730665320984791977e-03
2.512854945841637346e-03
2.512854945841637346e-03
2.512854945841637346e-03
2.512854945841637346e-03
5.359059792629422385e-03
1.019891454912283564e-02
1.019891454912283564e-02
1.019891454912283564e-02
1.019891454912283564e-02
1.019891454912283564e-02
1.019891454912283564e-02
1.019891454912283564e-02
1.019891454912283564e-02
3.775689881177569929e-02
3.775689881177569929e-02
3.775689881177569929e-02
3.775689881177569929e-02
3.775689881177569929e-02
3.775689881177569929e-02
3.775689881177569929e-02
3.775689881177569929e-02
3.775689881177569929e-02
3.775689881177569929e-02
3.775689881177569929e-02
3.775689881177569929e-02
3.775689881177569929e-02
3.775689881177569929e-02
3.775689881177569929e-02
0.000000000000000000e+00
2.175838352777086440e-02
2.175838352777086440e-02
2.175838352777086440e-02
4.032686164189985822e-02
0.000000000000000000e+00
0.000000000000000000e+00
6.617053523695442391e-03
5.011709118387619628e-03
5.011709118387619628e-03
7.510830223391941687e-03
3.060808318946878562e-02
3.060808318946878562e-02
3.060808318946878562e-02
3.060808318946878562e-02
6.636181955970195043e-03
6.636181955970195043e-03
6.636181955970195043e-03
6.636181955970195043e-03
6.636181955970195043e-03
6.653084194699139704e-03
6.636181955970195043e-03
3.289869112982213295e-02
3.289869112982213295e-02
3.289869112982213295e-02
3.289869112982213295e-02
3.289869112982213295e-02
3.289869112982213295e-02
3.289869112982213295e-02
3.289869112982213295e-02
3.289869112982213295e-02
3.289869112982213295e-02
3.289869112982213295e-02
8.399214666768255524e-03
0.000000000000000000e+00
0.000000000000000000e+00
0.000000000000000000e+00
0.000000000000000000e+00
0.000000000000000000e+00
2.959945299946013623e-03
0.000000000000000000e+00
0.000000000000000000e+00
0.000000000000000000e+00
2.959945299946013623e-03
2.959945299946013623e-03
2.959945299946013623e-03
2.959945299946013623e-03
2.959945299946013623e-03
2.806272087844032675e-02
2.806272087844032675e-02
2.003178504901391779e-02
2.166157070474169621e-03
2.166157070474169621e-03
2.166157070474169621e-03
2.166157070474169621e-03
2.166157070474169621e-03
2.166157070474169621e-03
1.487806881865155056e-03
8.399214666768255524e-03
8.399214666768255524e-03
8.399214666768255524e-03
5.310800619003194691e-04
5.310800619003194691e-04
5.310800619003194691e-04
5.310800619003194691e-04
5.310800619003194691e-04
5.310800619003194691e-04
5.310800619003194691e-04
5.310800619003194691e-04
5.310800619003194691e-04
5.310800619003194691e-04
5.310800619003194691e-04
9.423138857971444932e-03
9.423138857971444932e-03
9.423138857971444932e-03
9.423138857971444932e-03
9.423138857971444932e-03
9.423138857971444932e-03
7.510830223391941687e-03
7.510830223391941687e-03
7.510830223391941687e-03
1.307191342239942035e-04
4.206959793173875237e-03
4.206959793173875237e-03
4.206959793173875237e-03
4.206959793173875237e-03
4.206959793173875237e-03
4.206959793173875237e-03
1.848884111246366924e-02
1.838552169153763113e-02
1.838552169153763113e-02
6.902507791975967012e-03
7.066157555268140489e-03
7.066157555268140489e-03
8.132069388138572080e-03
7.066157555268140489e-03
7.066157555268140489e-03
7.066157555268140489e-03
7.745419665453961815e-03
1.694542036496695173e-02
1.694542036496695173e-02
1.694542036496695173e-02
1.694542036496695173e-02
1.694542036496695173e-02
1.694542036496695173e-02
0.000000000000000000e+00
1.039040384495886447e-02
1.039040384495886447e-02
1.039040384495886447e-02
1.039040384495886447e-02
1.146225796585592475e-02
0.000000000000000000e+00
0.000000000000000000e+00
2.637144555429635131e-03
4.785125913132065069e-03
4.785125913132065069e-03
4.785125913132065069e-03
4.785125913132065069e-03
4.785125913132065069e-03
4.785125913132065069e-03
2.637144555429635131e-03
1.063389783532911297e-02
1.063389783532911297e-02
1.063389783532911297e-02
1.063389783532911297e-02
1.063389783532911297e-02
1.063389783532911297e-02
1.063389783532911297e-02
1.063389783532911297e-02
6.479498452397015884e-03
1.793098966982453399e-02
1.793098966982453399e-02
1.793098966982453399e-02
1.793098966982453399e-02
1.793098966982453399e-02
1.793098966982453399e-02
2.238544878728502413e-02
5.668780873662256255e-03
5.668780873662256255e-03
5.668780873662256255e-03
5.668780873662256255e-03
2.238544878728502413e-02
2.208974823726354494e-02
2.208974823726354494e-02
2.208974823726354494e-02
2.208974823726354494e-02
2.208974823726354494e-02
2.208974823726354494e-02
0.000000000000000000e+00
0.000000000000000000e+00
0.000000000000000000e+00
0.000000000000000000e+00
0.000000000000000000e+00
0.000000000000000000e+00
0.000000000000000000e+00
2.826102830502788110e-03
4.357724630112299463e-03
4.357724630112299463e-03
1.382278222277982284e-03
4.357724630112299463e-03
9.351412090172307040e-03
1.877890907375299849e-04
1.877890907375299849e-04
1.877890907375299849e-04
1.877890907375299849e-04
0.000000000000000000e+00
0.000000000000000000e+00
0.000000000000000000e+00
0.000000000000000000e+00
0.000000000000000000e+00
0.000000000000000000e+00
9.351412090172307040e-03
9.351412090172307040e-03
9.351412090172307040e-03
9.351412090172307040e-03
9.351412090172307040e-03
9.351412090172307040e-03
9.351412090172307040e-03
9.351412090172307040e-03
1.191169938364375694e-02
1.848884111246366924e-02
1.848884111246366924e-02
1.848884111246366924e-02
8.289802668761952695e-03
8.289802668761952695e-03
8.289802668761952695e-03
8.289802668761952695e-03
8.289802668761952695e-03
8.289802668761952695e-03
8.289802668761952695e-03
8.289802668761952695e-03
8.289802668761952695e-03
8.289802668761952695e-03
8.289802668761952695e-03
4.319806569316632372e-02
8.464646756719785073e-03
1.967747585548815931e-02
1.967747585548815931e-02
1.967747585548815931e-02
1.967747585548815931e-02
1.967747585548815931e-02
1.967747585548815931e-02
1.967747585548815931e-02
1.967747585548815931e-02
1.243018437250991044e-02
1.460994209572279330e-02
0.000000000000000000e+00
0.000000000000000000e+00
0.000000000000000000e+00
0.000000000000000000e+00
0.000000000000000000e+00
0.000000000000000000e+00
0.000000000000000000e+00
0.000000000000000000e+00
0.000000000000000000e+00
2.398451928912844616e-02
2.702122574006469644e-02
2.702122574006469644e-02
2.702122574006469644e-02
2.702122574006469644e-02
0.000000000000000000e+00
0.000000000000000000e+00
0.000000000000000000e+00
0.000000000000000000e+00
0.000000000000000000e+00
8.542344977378485762e-03
0.000000000000000000e+00
0.000000000000000000e+00
0.000000000000000000e+00
0.000000000000000000e+00
0.000000000000000000e+00
0.000000000000000000e+00
0.000000000000000000e+00
0.000000000000000000e+00
0.000000000000000000e+00
4.811618000200206316e-03
4.811618000200206316e-03
4.811618000200206316e-03
4.811618000200206316e-03
4.811618000200206316e-03
4.811618000200206316e-03
4.811618000200206316e-03
1.498931135190172820e-02
1.498931135190172820e-02
1.498931135190172820e-02
2.763037440632640229e-02
7.730665320984791977e-03
7.730665320984791977e-03
7.730665320984791977e-03
7.730665320984791977e-03
7.730665320984791977e-03
7.730665320984791977e-03
7.730665320984791977e-03
9.878490618026692510e-03
3.545682622767856035e-03
3.545682622767856035e-03
0.000000000000000000e+00
0.000000000000000000e+00
0.000000000000000000e+00
0.000000000000000000e+00
0.000000000000000000e+00
0.000000000000000000e+00
0.000000000000000000e+00
0.000000000000000000e+00
0.000000000000000000e+00
5.359059792629422385e-03
5.359059792629422385e-03
5.359059792629422385e-03
5.359059792629422385e-03
1.038327397031404975e-02
1.347059229686810126e-02
1.347059229686810126e-02
1.347059229686810126e-02
1.347059229686810126e-02
1.347059229686810126e-02
1.347059229686810126e-02
1.347059229686810126e-02
1.347059229686810126e-02
1.347059229686810126e-02
1.347059229686810126e-02
3.873042774340975172e-03
3.873042774340975172e-03
3.873042774340975172e-03
0.000000000000000000e+00
0.000000000000000000e+00
0.000000000000000000e+00
0.000000000000000000e+00
2.826102830502788110e-03
5.682783066129631563e-03
0.000000000000000000e+00
0.000000000000000000e+00
0.000000000000000000e+00
0.000000000000000000e+00
0.000000000000000000e+00
0.000000000000000000e+00
2.606118099132969670e-04
3.504613891381918537e-03
3.504613891381918537e-03
4.772640071628716715e-03
4.772640071628716715e-03
4.772640071628716715e-03
4.772640071628716715e-03
4.772640071628716715e-03
4.772640071628716715e-03
4.772640071628716715e-03
4.772640071628716715e-03
4.772640071628716715e-03
4.772640071628716715e-03
4.772640071628716715e-03
0.000000000000000000e+00
0.000000000000000000e+00
0.000000000000000000e+00
6.617053523695442391e-03
6.653084194699139704e-03
6.653084194699139704e-03
6.653084194699139704e-03
8.752159223778472122e-03
1.530713425535221595e-03
1.530713425535221595e-03
1.530713425535221595e-03
1.530713425535221595e-03
1.530713425535221595e-03
1.530713425535221595e-03
1.530713425535221595e-03
1.530713425535221595e-03
2.801915827194841752e-02
2.801915827194841752e-02
1.262277585325806070e-02
2.023729337398751799e-02
2.023729337398751799e-02
2.023729337398751799e-02
2.023729337398751799e-02
0.000000000000000000e+00
0.000000000000000000e+00
0.000000000000000000e+00
0.000000000000000000e+00
0.000000000000000000e+00
0.000000000000000000e+00
0.000000000000000000e+00
0.000000000000000000e+00
0.000000000000000000e+00
0.000000000000000000e+00
0.000000000000000000e+00
1.267203685769942301e-02
1.267203685769942301e-02
1.267203685769942301e-02
1.267203685769942301e-02
1.267203685769942301e-02
1.267203685769942301e-02
1.267203685769942301e-02
1.267203685769942301e-02
1.267203685769942301e-02
1.267203685769942301e-02
1.267203685769942301e-02
1.267203685769942301e-02
1.267203685769942301e-02
2.253413027407508401e-04
2.515629214764150603e-03
2.515629214764150603e-03
2.515629214764150603e-03
2.003178504901391779e-02
2.003178504901391779e-02
2.003178504901391779e-02
2.003178504901391779e-02
1.812799513243912655e-02
1.930783428785751155e-02
1.930783428785751155e-02
1.930783428785751155e-02
1.930783428785751155e-02
1.930783428785751155e-02
1.930783428785751155e-02
2.337251057384960931e-02
1.317366421315905277e-02
1.133960716821646834e-02
2.090824277232620695e-02
2.090824277232620695e-02
8.752159223778472122e-03
8.752159223778472122e-03
0.000000000000000000e+00
0.000000000000000000e+00
0.000000000000000000e+00
0.000000000000000000e+00
0.000000000000000000e+00
0.000000000000000000e+00
1.262277585325806070e-02
1.262277585325806070e-02
1.262277585325806070e-02
1.262277585325806070e-02
1.262277585325806070e-02
1.262277585325806070e-02
1.262277585325806070e-02
1.262277585325806070e-02
1.262277585325806070e-02
1.262277585325806070e-02
1.221662988127351218e-02
1.423617349662540743e-03
1.423617349662540743e-03
1.423617349662540743e-03
1.423617349662540743e-03
1.423617349662540743e-03
1.423617349662540743e-03
1.191169938364375694e-02
1.133960716821646834e-02
2.195076773646051013e-02
2.195076773646051013e-02
2.195076773646051013e-02
2.195076773646051013e-02
0.000000000000000000e+00
0.000000000000000000e+00
0.000000000000000000e+00
0.000000000000000000e+00
0.000000000000000000e+00
0.000000000000000000e+00
9.517233293701710464e-03
4.508987934991436596e-03
4.508987934991436596e-03
4.508987934991436596e-03
4.508987934991436596e-03
4.508987934991436596e-03
4.508987934991436596e-03
4.508987934991436596e-03
4.508987934991436596e-03
1.221662988127351218e-02
1.221662988127351218e-02
1.221662988127351218e-02
1.221662988127351218e-02
1.221662988127351218e-02
1.221662988127351218e-02
2.337251057384960931e-02
2.337251057384960931e-02
9.878490618026692510e-03
9.878490618026692510e-03
9.878490618026692510e-03
9.878490618026692510e-03
6.479498452397015884e-03
6.479498452397015884e-03
6.479498452397015884e-03
6.479498452397015884e-03
5.096282773266971183e-02
5.096282773266971183e-02
1.307191342239942035e-04
1.427853428654935093e-03
2.480780051488516366e-02
1.444792641013112680e-02
8.309741753938035963e-03
8.309741753938035963e-03
0.000000000000000000e+00
7.745419665453961815e-03
7.745419665453961815e-03
7.745419665453961815e-03
7.745419665453961815e-03
7.745419665453961815e-03
7.745419665453961815e-03
2.763037440632640229e-02
2.763037440632640229e-02
2.763037440632640229e-02
2.763037440632640229e-02
1.146225796585592475e-02
1.146225796585592475e-02
1.146225796585592475e-02
1.146225796585592475e-02
1.146225796585592475e-02
1.146225796585592475e-02
1.146225796585592475e-02
1.146225796585592475e-02
1.146225796585592475e-02
1.146225796585592475e-02
1.146225796585592475e-02
1.146225796585592475e-02
9.029676117078454939e-03
2.253413027407508401e-04
5.428930344035459189e-03
5.428930344035459189e-03
5.428930344035459189e-03
0.000000000000000000e+00
2.606118099132969670e-04
2.606118099132969670e-04
2.606118099132969670e-04
2.606118099132969670e-04
2.606118099132969670e-04
2.317169985498848759e-03
2.073548605343785659e-03
2.073548605343785659e-03
8.464646756719785073e-03
8.464646756719785073e-03
5.179854791085777843e-03
0.000000000000000000e+00
0.000000000000000000e+00
0.000000000000000000e+00
0.000000000000000000e+00
0.000000000000000000e+00
0.000000000000000000e+00
1.528317851358392855e-02
1.976969785707570135e-02
1.976969785707570135e-02
1.976969785707570135e-02
1.976969785707570135e-02
1.976969785707570135e-02
1.976969785707570135e-02
0.000000000000000000e+00
0.000000000000000000e+00
1.812799513243912655e-02
1.812799513243912655e-02
1.812799513243912655e-02
1.812799513243912655e-02
0.000000000000000000e+00
1.258670059683711026e-02
4.447280438284657335e-03
4.447280438284657335e-03
1.303705640356150018e-02
9.517233293701710464e-03
7.781413686395864671e-03
2.031273683759536076e-03
2.031273683759536076e-03
2.031273683759536076e-03
2.031273683759536076e-03
2.180361577182606328e-02
2.180361577182606328e-02
2.180361577182606328e-02
2.180361577182606328e-02
9.905019657443323022e-03
4.456669815148253493e-03
4.456669815148253493e-03
4.456669815148253493e-03
4.456669815148253493e-03
2.023842539627624532e-02
2.023842539627624532e-02
4.379877434031193700e-03
1.008269806639327214e-02
1.008269806639327214e-02
1.008269806639327214e-02
1.008269806639327214e-02
1.008269806639327214e-02
1.008269806639327214e-02
1.374601465680363316e-02
1.008269806639327214e-02
1.479662846458398850e-02
1.479662846458398850e-02
1.479662846458398850e-02
1.479662846458398850e-02
1.479662846458398850e-02
1.479662846458398850e-02
9.905019657443323022e-03
9.905019657443323022e-03
9.905019657443323022e-03
9.905019657443323022e-03
9.905019657443323022e-03
9.905019657443323022e-03
1.075033925978534366e-02
1.075033925978534366e-02
1.075033925978534366e-02
1.075033925978534366e-02
4.379877434031193700e-03
4.379877434031193700e-03
4.379877434031193700e-03
4.379877434031193700e-03
4.379877434031193700e-03
4.379877434031193700e-03
4.379877434031193700e-03
4.379877434031193700e-03
4.379877434031193700e-03
4.379877434031193700e-03
4.379877434031193700e-03
4.379877434031193700e-03
4.372263413470363347e-02
4.372263413470363347e-02
1.191169938364375694e-02
1.528317851358392855e-02
1.528317851358392855e-02
1.528317851358392855e-02
1.528317851358392855e-02
0.000000000000000000e+00
0.000000000000000000e+00
0.000000000000000000e+00
0.000000000000000000e+00
0.000000000000000000e+00
0.000000000000000000e+00
0.000000000000000000e+00
0.000000000000000000e+00
0.000000000000000000e+00
0.000000000000000000e+00
0.000000000000000000e+00
0.000000000000000000e+00
0.000000000000000000e+00
0.000000000000000000e+00
4.138081406010131816e-03
1.258670059683711026e-02
1.258670059683711026e-02
1.258670059683711026e-02
1.858388451468481056e-02
1.858388451468481056e-02
1.858388451468481056e-02
1.858388451468481056e-02
1.858388451468481056e-02
1.858388451468481056e-02
1.858388451468481056e-02
1.858388451468481056e-02
1.858388451468481056e-02
1.858388451468481056e-02
1.858388451468481056e-02
1.858388451468481056e-02
1.858388451468481056e-02
0.000000000000000000e+00
0.000000000000000000e+00
6.290729668731427984e-03
2.480780051488516366e-02
2.480780051488516366e-02
2.480780051488516366e-02
1.217564211376789482e-02
2.317169985498848759e-03
2.317169985498848759e-03
2.317169985498848759e-03
2.317169985498848759e-03
2.317169985498848759e-03
1.038327397031404975e-02
1.038327397031404975e-02
1.374601465680363316e-02
4.032686164189985822e-02
4.032686164189985822e-02
4.032686164189985822e-02
4.032686164189985822e-02
4.032686164189985822e-02
4.032686164189985822e-02
4.032686164189985822e-02
4.032686164189985822e-02
4.032686164189985822e-02
4.032686164189985822e-02
4.032686164189985822e-02
4.032686164189985822e-02
0.000000000000000000e+00
0.000000000000000000e+00
0.000000000000000000e+00
0.000000000000000000e+00
0.000000000000000000e+00
0.000000000000000000e+00
5.179854791085777843e-03
5.179854791085777843e-03
5.179854791085777843e-03
5.179854791085777843e-03
0.000000000000000000e+00
0.000000000000000000e+00
0.000000000000000000e+00
0.000000000000000000e+00
2.042360687648196726e-02
2.398451928912844616e-02
2.398451928912844616e-02
2.398451928912844616e-02
2.398451928912844616e-02
2.398451928912844616e-02
2.826102830502788110e-03
2.826102830502788110e-03
2.826102830502788110e-03
7.716054893124466713e-03
9.014819265597768042e-03
7.716054893124466713e-03
7.716054893124466713e-03
7.716054893124466713e-03
7.716054893124466713e-03
7.716054893124466713e-03
2.637144555429635131e-03
2.637144555429635131e-03
2.637144555429635131e-03
8.542344977378485762e-03
8.542344977378485762e-03
8.542344977378485762e-03
2.501028037161369746e-02
1.464834288627865806e-02
1.464834288627865806e-02
1.464834288627865806e-02
1.464834288627865806e-02
1.464834288627865806e-02
1.464834288627865806e-02
1.464834288627865806e-02
1.464834288627865806e-02
5.832499829672827679e-02
5.832499829672827679e-02
5.832499829672827679e-02
5.832499829672827679e-02
1.307191342239942035e-04
2.501028037161369746e-02
2.501028037161369746e-02
1.109043291391045155e-02
1.217564211376789482e-02
0.000000000000000000e+00
0.000000000000000000e+00
6.290729668731427984e-03
6.290729668731427984e-03
0.000000000000000000e+00
8.708154847228324891e-03
0.000000000000000000e+00
0.000000000000000000e+00
8.708154847228324891e-03
1.109043291391045155e-02
1.109043291391045155e-02
0.000000000000000000e+00
3.137428819795027267e-03
3.137428819795027267e-03
3.137428819795027267e-03
3.137428819795027267e-03
3.137428819795027267e-03
3.137428819795027267e-03
3.137428819795027267e-03
3.137428819795027267e-03
7.781413686395864671e-03
7.781413686395864671e-03
7.781413686395864671e-03
7.781413686395864671e-03
7.781413686395864671e-03
7.781413686395864671e-03
7.964924026035632987e-02
7.964924026035632987e-02
7.964924026035632987e-02
1.487806881865155056e-03
1.487806881865155056e-03
1.233089273562884038e-02
1.233089273562884038e-02
1.233089273562884038e-02
4.138081406010131816e-03
8.556460387888781965e-03
8.556460387888781965e-03
8.556460387888781965e-03
8.556460387888781965e-03
2.238544878728502413e-02
1.303705640356150018e-02
1.303705640356150018e-02
1.303705640356150018e-02
1.303705640356150018e-02
2.821067442725432722e-02
2.821067442725432722e-02
2.042360687648196726e-02
2.042360687648196726e-02
4.138081406010131816e-03
4.138081406010131816e-03
4.138081406010131816e-03
8.965160973424196947e-03
8.965160973424196947e-03
6.617053523695442391e-03
6.617053523695442391e-03
6.617053523695442391e-03
3.824623786770140008e-03
5.520157390473214021e-03
5.520157390473214021e-03
5.520157390473214021e-03
5.520157390473214021e-03
0.000000000000000000e+00
0.000000000000000000e+00
2.676571764318766249e-03
1.382278222277982284e-03
9.014819265597768042e-03
9.014819265597768042e-03
9.014819265597768042e-03
9.014819265597768042e-03
2.676571764318766249e-03
2.676571764318766249e-03
1.388413256598109574e-02
1.388413256598109574e-02
6.902507791975967012e-03
6.902507791975967012e-03
1.863117213656903526e-02
1.863117213656903526e-02
1.863117213656903526e-02
1.863117213656903526e-02
0.000000000000000000e+00
0.000000000000000000e+00
3.078075232879531886e-02
3.078075232879531886e-02
9.029676117078454939e-03
9.029676117078454939e-03
3.751496462314066801e-04
3.751496462314066801e-04
3.824623786770140008e-03
3.824623786770140008e-03
3.824623786770140008e-03
3.824623786770140008e-03
3.824623786770140008e-03
3.824623786770140008e-03
3.824623786770140008e-03
3.824623786770140008e-03
5.539732911267360518e-03
5.539732911267360518e-03
5.539732911267360518e-03
5.539732911267360518e-03
5.539732911267360518e-03
5.539732911267360518e-03
5.539732911267360518e-03
5.539732911267360518e-03
5.539732911267360518e-03
5.539732911267360518e-03
5.539732911267360518e-03
8.132069388138572080e-03
