2.567705752961181240e-02
2.895791176172665855e-03
2.895791176172665855e-03
2.895791176172665855e-03
2.895791176172665855e-03
2.895791176172665855e-03
2.895791176172665855e-03
9.325499433069065966e-03
2.895791176172665855e-03
2.895791176172665855e-03
2.895791176172665855e-03
2.895791176172665855e-03
2.895791176172665855e-03
9.325499433069065966e-03
1.151822664612874199e-02
1.103433387784049508e-02
1.103433387784049508e-02
1.103433387784049508e-02
1.103433387784049508e-02
1.103433387784049508e-02
1.103433387784049508e-02
1.103433387784049508e-02
1.103433387784049508e-02
1.103433387784049508e-02
1.103433387784049508e-02
2.567705752961181240e-02
2.567705752961181240e-02
1.027813262435939637e-02
1.027813262435939637e-02
1.027813262435939637e-02
1.027813262435939637e-02
1.027813262435939637e-02
1.027813262435939637e-02
1.027813262435939637e-02
1.027813262435939637e-02
1.027813262435939637e-02
1.027813262435939637e-02
1.027813262435939637e-02
1.027813262435939637e-02
1.027813262435939637e-02
1.027813262435939637e-02
1.027813262435939637e-02
1.027813262435939637e-02
1.027813262435939637e-02
1.027813262435939637e-02
1.027813262435939637e-02
1.438371475505563837e-02
3.573348568433153041e-03
3.573348568433153041e-03
3.573348568433153041e-03
3.573348568433153041e-03
3.573348568433153041e-03
3.573348568433153041e-03
3.573348568433153041e-03
3.573348568433153041e-03
2.276117974830469889e-02
3.073665193676674255e-03
3.073665193676674255e-03
3.073665193676674255e-03
3.073665193676674255e-03
3.073665193676674255e-03
3.073665193676674255e-03
1.575579543233571536e-02
1.067151599987545101e-02
1.067151599987545101e-02
1.272149197639556827e-02
2.009744709053734937e-02
2.009744709053734937e-02
2.009744709053734937e-02
2.009744709053734937e-02
1.575579543233571536e-02
1.575579543233571536e-02
1.575579543233571536e-02
1.575579543233571536e-02
1.575579543233571536e-02
1.575579543233571536e-02
1.575579543233571536e-02
1.575579543233571536e-02
4.568760725974784463e-03
1.325882529770668061e-02
1.325882529770668061e-02
1.325882529770668061e-02
1.325882529770668061e-02
1.325882529770668061e-02
1.325882529770668061e-02
1.325882529770668061e-02
1.325882529770668061e-02
1.325882529770668061e-02
1.325882529770668061e-02
7.577761010932502431e-04
8.132071332787333545e-03
7.577761010932502431e-04
7.577761010932502431e-04
7.577761010932502431e-04
7.577761010932502431e-04
7.577761010932502431e-04
7.577761010932502431e-04
7.577761010932502431e-04
8.132071332787333545e-03
1.272149197639556827e-02
1.272149197639556827e-02
1.272149197639556827e-02
1.272149197639556827e-02
1.272149197639556827e-02
1.272149197639556827e-02
7.634898791867785958e-03
7.634898791867785958e-03
7.634898791867785958e-03
7.634898791867785958e-03
7.634898791867785958e-03
7.634898791867785958e-03
7.634898791867785958e-03
7.634898791867785958e-03
7.634898791867785958e-03
7.634898791867785958e-03
7.634898791867785958e-03
1.438371475505563837e-02
1.438371475505563837e-02
2.583532082004371538e-03
2.583532082004371538e-03
2.583532082004371538e-03
2.583532082004371538e-03
2.583532082004371538e-03
7.702197664821356857e-03
2.583532082004371538e-03
2.583532082004371538e-03
2.583532082004371538e-03
2.583532082004371538e-03
2.583532082004371538e-03
7.702197664821356857e-03
9.497772607319243318e-03
4.449378270078666389e-03
4.449378270078666389e-03
4.449378270078666389e-03
4.449378270078666389e-03
4.449378270078666389e-03
4.449378270078666389e-03
4.449378270078666389e-03
4.449378270078666389e-03
4.568760725974784463e-03
4.568760725974784463e-03
4.175463697384383666e-03
2.047365219077021750e-02
2.047365219077021750e-02
1.512049077680008811e-02
2.393956748066764992e-02
1.031674914564631972e-02
1.031674914564631972e-02
1.031674914564631972e-02
2.393956748066764992e-02
2.393956748066764992e-02
2.393956748066764992e-02
1.173183777153630550e-02
3.607448862830212738e-03
3.607448862830212738e-03
9.319829792915380884e-03
9.319829792915380884e-03
9.319829792915380884e-03
9.319829792915380884e-03
9.319829792915380884e-03
9.319829792915380884e-03
9.319829792915380884e-03
9.319829792915380884e-03
9.319829792915380884e-03
9.319829792915380884e-03
9.319829792915380884e-03
5.434158236559135692e-03
5.434158236559135692e-03
5.434158236559135692e-03
5.434158236559135692e-03
5.434158236559135692e-03
5.434158236559135692e-03
5.434158236559135692e-03
5.434158236559135692e-03
5.434158236559135692e-03
3.525921853754928736e-03
5.434158236559135692e-03
5.434158236559135692e-03
5.434158236559135692e-03
5.434158236559135692e-03
5.434158236559135692e-03
4.762152628362153507e-03
4.762152628362153507e-03
4.762152628362153507e-03
4.762152628362153507e-03
4.762152628362153507e-03
4.762152628362153507e-03
4.762152628362153507e-03
4.762152628362153507e-03
4.762152628362153507e-03
4.762152628362153507e-03
4.762152628362153507e-03
7.577219637561090348e-03
9.937882272708177533e-03
9.937882272708177533e-03
9.937882272708177533e-03
9.937882272708177533e-03
5.853912278339729264e-04
1.380394517961118506e-02
1.380394517961118506e-02
1.380394517961118506e-02
1.380394517961118506e-02
1.380394517961118506e-02
1.380394517961118506e-02
1.380394517961118506e-02
1.380394517961118506e-02
3.525921853754928736e-03
3.525921853754928736e-03
3.525921853754928736e-03
3.525921853754928736e-03
3.525921853754928736e-03
4.175463697384383666e-03
4.175463697384383666e-03
4.175463697384383666e-03
4.175463697384383666e-03
4.175463697384383666e-03
4.175463697384383666e-03
4.175463697384383666e-03
4.175463697384383666e-03
1.857283719191857307e-02
1.857283719191857307e-02
1.857283719191857307e-02
1.857283719191857307e-02
1.857283719191857307e-02
1.857283719191857307e-02
1.857283719191857307e-02
1.857283719191857307e-02
1.857283719191857307e-02
1.857283719191857307e-02
1.857283719191857307e-02
1.857283719191857307e-02
1.857283719191857307e-02
1.857283719191857307e-02
1.857283719191857307e-02
1.512049077680008811e-02
1.512049077680008811e-02
1.353290151456717355e-02
1.512049077680008811e-02
1.512049077680008811e-02
1.512049077680008811e-02
3.620864599644812998e-02
1.564135322326270366e-02
3.330269233516190003e-02
1.564135322326270366e-02
1.564135322326270366e-02
1.564135322326270366e-02
1.564135322326270366e-02
1.564135322326270366e-02
7.577219637561090348e-03
7.577219637561090348e-03
7.577219637561090348e-03
7.577219637561090348e-03
7.577219637561090348e-03
7.577219637561090348e-03
7.798995269781744226e-03
7.577219637561090348e-03
2.188637683959649902e-02
2.116036113304238520e-02
2.116036113304238520e-02
5.853912278339729264e-04
5.853912278339729264e-04
7.722941712157821957e-03
4.210908019616805761e-03
4.210908019616805761e-03
4.210908019616805761e-03
4.210908019616805761e-03
4.210908019616805761e-03
4.210908019616805761e-03
4.210908019616805761e-03
4.210908019616805761e-03
1.178337828529027985e-02
1.173183777153630550e-02
1.151822664612874199e-02
1.151822664612874199e-02
9.488241184749866136e-03
2.188637683959649902e-02
1.353290151456717355e-02
7.798995269781744226e-03
9.488241184749866136e-03
9.488241184749866136e-03
9.488241184749866136e-03
9.488241184749866136e-03
9.488241184749866136e-03
9.488241184749866136e-03
7.722941712157821957e-03
7.722941712157821957e-03
3.377139647838443143e-02
3.620864599644812998e-02
3.377139647838443143e-02
1.178337828529027985e-02
1.141502717629451318e-02
1.141502717629451318e-02
9.497772607319243318e-03
9.497772607319243318e-03
7.525626758827346982e-03
7.525626758827346982e-03
2.276117974830469889e-02
2.276117974830469889e-02
2.276117974830469889e-02
2.276117974830469889e-02
