1.542884989296958165e-03
1.542884989296958165e-03
1.542884989296958165e-03
1.542884989296958165e-03
1.542884989296958165e-03
1.542884989296958165e-03
1.542884989296958165e-03
1.542884989296958165e-03
1.542884989296958165e-03
1.542884989296958165e-03
1.542884989296958165e-03
1.542884989296958165e-03
1.542884989296958165e-03
1.542884989296958165e-03
1.542884989296958165e-03
1.911923549365664166e-02
2.713194340565056126e-03
2.713194340565056126e-03
2.713194340565056126e-03
2.713194340565056126e-03
2.713194340565056126e-03
2.713194340565056126e-03
2.713194340565056126e-03
2.713194340565056126e-03
6.770751470169815607e-03
6.770751470169815607e-03
6.770751470169815607e-03
6.770751470169815607e-03
6.770751470169815607e-03
6.770751470169815607e-03
6.770751470169815607e-03
6.770751470169815607e-03
6.770751470169815607e-03
6.770751470169815607e-03
6.770751470169815607e-03
6.770751470169815607e-03
6.770751470169815607e-03
6.770751470169815607e-03
6.770751470169815607e-03
6.770751470169815607e-03
6.770751470169815607e-03
6.770751470169815607e-03
6.770751470169815607e-03
6.770751470169815607e-03
6.770751470169815607e-03
2.900973354920953484e-02
1.217861078201315644e-01
1.217861078201315644e-01
1.217861078201315644e-01
1.217861078201315644e-01
1.217861078201315644e-01
1.217861078201315644e-01
1.217861078201315644e-01
1.217861078201315644e-01
2.900973354920953484e-02
6.091333255729118427e-03
6.091333255729118427e-03
9.904424052725692082e-03
9.904424052725692082e-03
9.904424052725692082e-03
2.950594219378684449e-03
9.904424052725692082e-03
9.904424052725692082e-03
9.904424052725692082e-03
9.904424052725692082e-03
9.904424052725692082e-03
2.950594219378684449e-03
1.369978476304159996e-02
1.636433288600949373e-02
1.636433288600949373e-02
1.636433288600949373e-02
1.636433288600949373e-02
1.636433288600949373e-02
1.636433288600949373e-02
1.636433288600949373e-02
1.636433288600949373e-02
2.133705175132388256e-03
2.133705175132388256e-03
2.133705175132388256e-03
2.133705175132388256e-03
2.133705175132388256e-03
2.133705175132388256e-03
2.133705175132388256e-03
7.622713191588195540e-03
2.133705175132388256e-03
2.133705175132388256e-03
2.133705175132388256e-03
8.393848368439984012e-03
8.393848368439984012e-03
8.393848368439984012e-03
8.393848368439984012e-03
8.393848368439984012e-03
8.393848368439984012e-03
8.393848368439984012e-03
8.393848368439984012e-03
8.393848368439984012e-03
8.393848368439984012e-03
8.393848368439984012e-03
6.514551895627006088e-03
8.024457779720245432e-03
8.024457779720245432e-03
8.024457779720245432e-03
8.024457779720245432e-03
7.451615773378012647e-03
8.024457779720245432e-03
2.787918357314514688e-03
4.702799925300329108e-03
4.702799925300329108e-03
2.787918357314514688e-03
2.787918357314514688e-03
2.787918357314514688e-03
2.787918357314514688e-03
2.787918357314514688e-03
2.787918357314514688e-03
2.787918357314514688e-03
2.787918357314514688e-03
2.900973354920953484e-02
2.900973354920953484e-02
2.900973354920953484e-02
2.088747774575679811e-02
6.844894488593150118e-03
6.844894488593150118e-03
6.844894488593150118e-03
6.844894488593150118e-03
1.558637580849466485e-02
6.844894488593150118e-03
9.219267188274770514e-03
1.050819292814206794e-02
1.050819292814206794e-02
1.050819292814206794e-02
1.050819292814206794e-02
9.197451207511749688e-03
9.197451207511749688e-03
9.197451207511749688e-03
2.575987130896399691e-02
9.197451207511749688e-03
2.382749972114490619e-02
2.382749972114490619e-02
2.382749972114490619e-02
2.382749972114490619e-02
2.382749972114490619e-02
2.382749972114490619e-02
2.382749972114490619e-02
2.382749972114490619e-02
2.382749972114490619e-02
2.382749972114490619e-02
2.382749972114490619e-02
2.382749972114490619e-02
2.382749972114490619e-02
1.830808376935828818e-02
1.830808376935828818e-02
1.830808376935828818e-02
1.830808376935828818e-02
1.830808376935828818e-02
1.830808376935828818e-02
1.830808376935828818e-02
1.830808376935828818e-02
1.830808376935828818e-02
1.830808376935828818e-02
1.830808376935828818e-02
5.032770409570948116e-03
2.833883043853555050e-02
2.833883043853555050e-02
2.833883043853555050e-02
2.833883043853555050e-02
2.833883043853555050e-02
2.833883043853555050e-02
8.783725910759439259e-03
1.241291691769050298e-02
1.241291691769050298e-02
1.241291691769050298e-02
1.241291691769050298e-02
1.241291691769050298e-02
1.241291691769050298e-02
1.241291691769050298e-02
1.241291691769050298e-02
1.241291691769050298e-02
1.241291691769050298e-02
1.547653756534151910e-03
2.127371893814354251e-02
2.127371893814354251e-02
2.127371893814354251e-02
2.127371893814354251e-02
9.795698773672581114e-03
1.528817669356924078e-02
1.528817669356924078e-02
1.547653756534151910e-03
1.547653756534151910e-03
1.547653756534151910e-03
1.547653756534151910e-03
1.547653756534151910e-03
1.547653756534151910e-03
3.646176759107637097e-03
3.646176759107637097e-03
3.646176759107637097e-03
3.646176759107637097e-03
3.646176759107637097e-03
1.674948061447698727e-02
3.646176759107637097e-03
3.543050862133415024e-02
2.435348484236244879e-02
2.435348484236244879e-02
3.915672406860661297e-04
3.915672406860661297e-04
3.915672406860661297e-04
1.824039819060577217e-02
3.915672406860661297e-04
8.783725910759439259e-03
8.783725910759439259e-03
8.783725910759439259e-03
8.783725910759439259e-03
8.783725910759439259e-03
8.783725910759439259e-03
4.559205807023195001e-02
3.802053546629622759e-03
3.802053546629622759e-03
3.802053546629622759e-03
3.802053546629622759e-03
3.802053546629622759e-03
3.802053546629622759e-03
1.824039819060577217e-02
5.473661512039081599e-03
5.473661512039081599e-03
5.473661512039081599e-03
5.473661512039081599e-03
1.558637580849466485e-02
7.504967633898288436e-03
7.504967633898288436e-03
7.504967633898288436e-03
7.504967633898288436e-03
7.504967633898288436e-03
7.504967633898288436e-03
7.504967633898288436e-03
7.504967633898288436e-03
7.504967633898288436e-03
7.504967633898288436e-03
7.504967633898288436e-03
1.073585848380266897e-02
1.304857592332557548e-02
1.304857592332557548e-02
1.304857592332557548e-02
1.304857592332557548e-02
1.670120921690507318e-03
5.251758468939141458e-03
5.251758468939141458e-03
5.179048531749463370e-03
5.179048531749463370e-03
5.179048531749463370e-03
5.179048531749463370e-03
5.179048531749463370e-03
5.179048531749463370e-03
5.179048531749463370e-03
5.179048531749463370e-03
5.179048531749463370e-03
5.179048531749463370e-03
5.179048531749463370e-03
6.216780159948768298e-04
3.543050862133415024e-02
1.525603702553279470e-02
2.285389040717718343e-03
2.285389040717718343e-03
4.084105991422774806e-03
1.073585848380266897e-02
1.073585848380266897e-02
1.073585848380266897e-02
5.032770409570948116e-03
5.032770409570948116e-03
5.032770409570948116e-03
5.032770409570948116e-03
1.674948061447698727e-02
1.674948061447698727e-02
1.674948061447698727e-02
2.608727614342041135e-03
1.591307306837495134e-02
1.591307306837495134e-02
1.591307306837495134e-02
1.591307306837495134e-02
1.591307306837495134e-02
1.591307306837495134e-02
1.591307306837495134e-02
1.591307306837495134e-02
4.084105991422774806e-03
4.084105991422774806e-03
4.084105991422774806e-03
4.084105991422774806e-03
9.219267188274770514e-03
9.219267188274770514e-03
9.219267188274770514e-03
9.219267188274770514e-03
9.219267188274770514e-03
9.219267188274770514e-03
1.464852089004767093e-03
2.402396561856851628e-03
1.464852089004767093e-03
1.464852089004767093e-03
1.464852089004767093e-03
1.464852089004767093e-03
1.464852089004767093e-03
1.464852089004767093e-03
1.464852089004767093e-03
2.402396561856851628e-03
1.525603702553279470e-02
1.259119970753441557e-02
1.259119970753441557e-02
1.259119970753441557e-02
1.259119970753441557e-02
1.259119970753441557e-02
1.259119970753441557e-02
1.259119970753441557e-02
1.259119970753441557e-02
1.911923549365664166e-02
1.911923549365664166e-02
2.575987130896399691e-02
2.575987130896399691e-02
2.575987130896399691e-02
2.575987130896399691e-02
2.575987130896399691e-02
2.575987130896399691e-02
2.575987130896399691e-02
1.918349933845863928e-02
0.000000000000000000e+00
0.000000000000000000e+00
0.000000000000000000e+00
0.000000000000000000e+00
0.000000000000000000e+00
0.000000000000000000e+00
0.000000000000000000e+00
0.000000000000000000e+00
0.000000000000000000e+00
0.000000000000000000e+00
4.559205807023195001e-02
4.559205807023195001e-02
4.559205807023195001e-02
4.559205807023195001e-02
0.000000000000000000e+00
0.000000000000000000e+00
0.000000000000000000e+00
0.000000000000000000e+00
0.000000000000000000e+00
0.000000000000000000e+00
0.000000000000000000e+00
0.000000000000000000e+00
0.000000000000000000e+00
0.000000000000000000e+00
0.000000000000000000e+00
0.000000000000000000e+00
0.000000000000000000e+00
9.795698773672581114e-03
9.795698773672581114e-03
9.795698773672581114e-03
9.795698773672581114e-03
9.795698773672581114e-03
9.795698773672581114e-03
9.795698773672581114e-03
9.795698773672581114e-03
9.795698773672581114e-03
9.795698773672581114e-03
1.670120921690507318e-03
8.458479913265350147e-03
8.458479913265350147e-03
8.458479913265350147e-03
8.458479913265350147e-03
8.458479913265350147e-03
8.458479913265350147e-03
8.458479913265350147e-03
8.458479913265350147e-03
8.458479913265350147e-03
8.458479913265350147e-03
8.458479913265350147e-03
8.458479913265350147e-03
1.918349933845863928e-02
1.918349933845863928e-02
1.337691629173547343e-02
1.869266555409100986e-02
1.869266555409100986e-02
1.869266555409100986e-02
1.869266555409100986e-02
1.869266555409100986e-02
1.869266555409100986e-02
1.869266555409100986e-02
1.869266555409100986e-02
1.869266555409100986e-02
1.869266555409100986e-02
2.308664691979607497e-02
1.838580797024491273e-02
1.838580797024491273e-02
5.001561639073933384e-03
1.574185409854457138e-02
1.574185409854457138e-02
1.574185409854457138e-02
1.574185409854457138e-02
1.574185409854457138e-02
1.574185409854457138e-02
1.185014945200562816e-02
2.308664691979607497e-02
2.308664691979607497e-02
2.308664691979607497e-02
2.308664691979607497e-02
2.308664691979607497e-02
2.608727614342041135e-03
2.608727614342041135e-03
2.608727614342041135e-03
2.608727614342041135e-03
2.088747774575679811e-02
2.088747774575679811e-02
1.185014945200562816e-02
1.185014945200562816e-02
7.451615773378012647e-03
7.622713191588195540e-03
2.589545123305570309e-02
2.589545123305570309e-02
2.589545123305570309e-02
6.514551895627006088e-03
6.514551895627006088e-03
1.337691629173547343e-02
1.337691629173547343e-02
1.337691629173547343e-02
1.337691629173547343e-02
1.369978476304159996e-02
1.369978476304159996e-02
1.670120921690507318e-03
1.670120921690507318e-03
1.670120921690507318e-03
5.001561639073933384e-03
5.001561639073933384e-03
5.001561639073933384e-03
5.001561639073933384e-03
7.098104691082790865e-03
7.098104691082790865e-03
7.098104691082790865e-03
7.098104691082790865e-03
7.098104691082790865e-03
7.098104691082790865e-03
7.098104691082790865e-03
7.098104691082790865e-03
7.098104691082790865e-03
7.098104691082790865e-03
7.098104691082790865e-03
7.098104691082790865e-03
7.098104691082790865e-03
6.216780159948768298e-04
6.216780159948768298e-04
6.216780159948768298e-04
6.216780159948768298e-04
6.216780159948768298e-04
6.216780159948768298e-04
