1.170837895666828775e-03
1.170837895666828775e-03
1.170837895666828775e-03
1.170837895666828775e-03
1.170837895666828775e-03
1.170837895666828775e-03
1.170837895666828775e-03
1.170837895666828775e-03
1.170837895666828775e-03
1.170837895666828775e-03
1.170837895666828775e-03
1.170837895666828775e-03
1.170837895666828775e-03
1.170837895666828775e-03
1.170837895666828775e-03
1.170837895666828775e-03
1.170837895666828775e-03
1.170837895666828775e-03
1.170837895666828775e-03
6.794355000233910299e-03
6.794355000233910299e-03
6.794355000233910299e-03
6.794355000233910299e-03
6.794355000233910299e-03
6.794355000233910299e-03
6.794355000233910299e-03
6.794355000233910299e-03
6.794355000233910299e-03
6.794355000233910299e-03
6.794355000233910299e-03
6.794355000233910299e-03
6.794355000233910299e-03
1.952713487583017729e-02
3.019650250648374043e-02
1.191955877808346075e-02
1.191955877808346075e-02
1.191955877808346075e-02
1.191955877808346075e-02
1.191955877808346075e-02
3.019650250648374043e-02
1.742510670039485116e-03
1.742510670039485116e-03
1.742510670039485116e-03
1.742510670039485116e-03
1.742510670039485116e-03
1.742510670039485116e-03
1.742510670039485116e-03
1.742510670039485116e-03
1.742510670039485116e-03
1.742510670039485116e-03
1.742510670039485116e-03
1.742510670039485116e-03
1.742510670039485116e-03
1.142918746537391513e-02
4.852247536350827103e-03
4.852247536350827103e-03
4.852247536350827103e-03
4.852247536350827103e-03
4.852247536350827103e-03
4.852247536350827103e-03
9.981951485494314213e-03
4.573095743779538938e-03
4.573095743779538938e-03
4.573095743779538938e-03
4.573095743779538938e-03
1.853198741376697531e-02
2.613986211132307558e-02
2.613986211132307558e-02
2.613986211132307558e-02
2.613986211132307558e-02
2.613986211132307558e-02
2.613986211132307558e-02
1.853145344543866493e-02
1.860408347871685825e-02
1.694841243156864491e-02
1.694841243156864491e-02
1.694841243156864491e-02
1.694841243156864491e-02
1.694841243156864491e-02
1.694841243156864491e-02
1.694841243156864491e-02
1.860408347871685825e-02
1.860408347871685825e-02
2.524213796276722922e-03
6.130903308580496272e-03
6.130903308580496272e-03
1.254339654913297353e-02
6.130903308580496272e-03
5.431349140788840034e-04
5.431349140788840034e-04
5.431349140788840034e-04
5.431349140788840034e-04
5.431349140788840034e-04
5.431349140788840034e-04
5.431349140788840034e-04
5.431349140788840034e-04
5.431349140788840034e-04
5.431349140788840034e-04
5.431349140788840034e-04
3.321155952413279433e-03
3.321155952413279433e-03
3.321155952413279433e-03
3.321155952413279433e-03
3.321155952413279433e-03
3.321155952413279433e-03
3.321155952413279433e-03
3.321155952413279433e-03
3.321155952413279433e-03
3.321155952413279433e-03
3.321155952413279433e-03
3.775055616025832592e-03
1.750164465178456405e-02
1.750164465178456405e-02
1.750164465178456405e-02
1.750164465178456405e-02
1.750164465178456405e-02
1.750164465178456405e-02
1.229234215549060080e-02
1.146722779144654022e-02
1.146722779144654022e-02
1.146722779144654022e-02
1.146722779144654022e-02
1.146722779144654022e-02
1.146722779144654022e-02
5.792224224562876438e-03
4.492597781157640392e-03
4.492597781157640392e-03
4.492597781157640392e-03
4.492597781157640392e-03
4.492597781157640392e-03
4.492597781157640392e-03
4.492597781157640392e-03
4.492597781157640392e-03
9.193546796528855383e-03
7.345927230315244666e-03
7.345927230315244666e-03
7.345927230315244666e-03
7.345927230315244666e-03
5.371758168203527410e-03
9.301461469425618619e-03
9.301461469425618619e-03
2.846857720141448417e-02
1.535397163205667534e-02
1.535397163205667534e-02
3.586492758053090590e-02
5.463653867731899962e-03
3.586492758053090590e-02
3.586492758053090590e-02
3.586492758053090590e-02
5.463653867731899962e-03
5.463653867731899962e-03
5.463653867731899962e-03
5.463653867731899962e-03
5.463653867731899962e-03
5.463653867731899962e-03
5.463653867731899962e-03
4.427903898624311468e-02
4.427903898624311468e-02
4.427903898624311468e-02
4.427903898624311468e-02
4.427903898624311468e-02
2.694524421910593839e-02
4.427903898624311468e-02
4.427903898624311468e-02
4.427903898624311468e-02
6.604305322973939678e-03
2.293668568095139082e-03
2.293668568095139082e-03
2.293668568095139082e-03
2.293668568095139082e-03
2.293668568095139082e-03
2.293668568095139082e-03
3.472808633898562519e-03
2.293668568095139082e-03
4.204943416508971632e-02
1.128148267980441828e-02
1.128148267980441828e-02
1.128148267980441828e-02
1.128148267980441828e-02
1.933702733831189208e-02
1.128148267980441828e-02
1.853198741376697531e-02
1.853198741376697531e-02
1.853198741376697531e-02
1.853198741376697531e-02
1.853198741376697531e-02
1.853198741376697531e-02
8.445470682753569019e-03
8.445470682753569019e-03
8.445470682753569019e-03
8.445470682753569019e-03
8.445470682753569019e-03
8.445470682753569019e-03
8.445470682753569019e-03
8.445470682753569019e-03
8.445470682753569019e-03
8.445470682753569019e-03
8.445470682753569019e-03
8.445470682753569019e-03
8.445470682753569019e-03
2.459081572779378555e-02
1.246525542522376739e-02
1.246525542522376739e-02
1.246525542522376739e-02
1.246525542522376739e-02
1.246525542522376739e-02
1.246525542522376739e-02
9.981951485494314213e-03
3.087530477308846749e-03
3.087530477308846749e-03
6.851882430258715486e-04
9.201968840030473606e-03
9.201968840030473606e-03
1.262409460010770071e-03
8.876656303320747121e-03
1.262409460010770071e-03
1.262409460010770071e-03
1.262409460010770071e-03
1.262409460010770071e-03
1.262409460010770071e-03
1.262409460010770071e-03
1.262409460010770071e-03
1.262409460010770071e-03
1.262409460010770071e-03
8.876656303320747121e-03
3.640925049979918393e-01
3.640925049979918393e-01
3.640925049979918393e-01
3.640925049979918393e-01
3.640925049979918393e-01
3.640925049979918393e-01
3.640925049979918393e-01
3.640925049979918393e-01
3.640925049979918393e-01
3.640925049979918393e-01
3.640925049979918393e-01
9.111412148099479885e-03
9.111412148099479885e-03
9.111412148099479885e-03
9.111412148099479885e-03
9.111412148099479885e-03
9.111412148099479885e-03
9.111412148099479885e-03
9.111412148099479885e-03
9.111412148099479885e-03
9.111412148099479885e-03
9.111412148099479885e-03
3.768997576434454481e-03
8.786186209784078646e-03
8.786186209784078646e-03
8.786186209784078646e-03
8.786186209784078646e-03
8.786186209784078646e-03
8.786186209784078646e-03
8.786186209784078646e-03
8.786186209784078646e-03
8.786186209784078646e-03
8.786186209784078646e-03
1.061965963635811208e-02
2.459081572779378555e-02
2.459081572779378555e-02
2.459081572779378555e-02
4.380402181424010617e-03
4.380402181424010617e-03
4.380402181424010617e-03
4.380402181424010617e-03
4.380402181424010617e-03
4.380402181424010617e-03
4.380402181424010617e-03
4.380402181424010617e-03
4.380402181424010617e-03
4.380402181424010617e-03
4.380402181424010617e-03
4.380402181424010617e-03
4.380402181424010617e-03
4.380402181424010617e-03
4.380402181424010617e-03
3.487899246736141101e-02
6.411631271844639782e-03
6.411631271844639782e-03
6.411631271844639782e-03
6.411631271844639782e-03
6.411631271844639782e-03
6.411631271844639782e-03
6.411631271844639782e-03
6.411631271844639782e-03
9.189694582726528477e-03
1.429830112087646012e-03
1.429830112087646012e-03
1.429830112087646012e-03
1.429830112087646012e-03
1.429830112087646012e-03
1.429830112087646012e-03
1.429830112087646012e-03
1.429830112087646012e-03
1.876023055635083966e-02
2.495751110364817851e-02
2.495751110364817851e-02
2.495751110364817851e-02
2.495751110364817851e-02
2.495751110364817851e-02
2.495751110364817851e-02
2.495751110364817851e-02
2.495751110364817851e-02
2.495751110364817851e-02
2.495751110364817851e-02
2.495751110364817851e-02
2.495751110364817851e-02
1.586382484159714820e-02
2.136161311125436141e-02
2.136161311125436141e-02
2.136161311125436141e-02
2.136161311125436141e-02
2.136161311125436141e-02
2.136161311125436141e-02
2.136161311125436141e-02
2.136161311125436141e-02
2.052539964627619028e-03
1.133327170323022298e-02
1.133327170323022298e-02
1.133327170323022298e-02
1.133327170323022298e-02
1.133327170323022298e-02
1.133327170323022298e-02
9.193546796528855383e-03
9.193546796528855383e-03
9.193546796528855383e-03
9.193546796528855383e-03
9.193546796528855383e-03
9.193546796528855383e-03
6.510051143525658578e-03
6.510051143525658578e-03
6.510051143525658578e-03
6.510051143525658578e-03
6.510051143525658578e-03
6.510051143525658578e-03
6.510051143525658578e-03
6.510051143525658578e-03
6.510051143525658578e-03
6.510051143525658578e-03
6.510051143525658578e-03
1.586382484159714820e-02
3.791264338962064065e-03
3.791264338962064065e-03
3.775055616025832592e-03
3.775055616025832592e-03
8.306438111444814504e-03
3.775055616025832592e-03
3.775055616025832592e-03
3.775055616025832592e-03
2.407011131478678512e-02
2.846857720141448417e-02
7.048720701875477515e-03
5.657275616187396917e-03
5.657275616187396917e-03
5.657275616187396917e-03
5.657275616187396917e-03
5.657275616187396917e-03
5.657275616187396917e-03
5.657275616187396917e-03
5.657275616187396917e-03
5.657275616187396917e-03
5.657275616187396917e-03
6.604305322973939678e-03
6.604305322973939678e-03
1.250602073781734852e-02
1.563845905834077704e-02
1.563845905834077704e-02
1.563845905834077704e-02
1.563845905834077704e-02
1.155181503994229079e-02
1.165856790693492115e-02
1.165856790693492115e-02
1.165856790693492115e-02
1.165856790693492115e-02
7.140907634682435237e-03
7.140907634682435237e-03
7.140907634682435237e-03
7.140907634682435237e-03
7.140907634682435237e-03
7.140907634682435237e-03
7.140907634682435237e-03
3.936259581166455350e-03
7.140907634682435237e-03
7.140907634682435237e-03
7.140907634682435237e-03
7.140907634682435237e-03
7.140907634682435237e-03
7.140907634682435237e-03
7.140907634682435237e-03
3.528421946871296289e-02
2.407011131478678512e-02
3.528421946871296289e-02
3.528421946871296289e-02
3.528421946871296289e-02
6.502492241598860617e-04
5.039814819986433887e-03
5.039814819986433887e-03
5.039814819986433887e-03
5.039814819986433887e-03
8.879144269645587381e-03
6.993078494162278599e-03
6.993078494162278599e-03
6.993078494162278599e-03
6.993078494162278599e-03
6.993078494162278599e-03
6.993078494162278599e-03
6.993078494162278599e-03
6.993078494162278599e-03
1.952713487583017729e-02
1.952713487583017729e-02
9.189694582726528477e-03
9.189694582726528477e-03
7.048720701875477515e-03
7.048720701875477515e-03
7.048720701875477515e-03
7.048720701875477515e-03
6.502492241598860617e-04
1.885167726805589070e-02
1.885167726805589070e-02
1.885167726805589070e-02
1.885167726805589070e-02
1.885167726805589070e-02
1.885167726805589070e-02
1.885167726805589070e-02
1.885167726805589070e-02
2.761267521100497363e-03
4.726577810783618230e-03
4.726577810783618230e-03
4.726577810783618230e-03
4.726577810783618230e-03
4.726577810783618230e-03
4.726577810783618230e-03
4.726577810783618230e-03
4.726577810783618230e-03
4.726577810783618230e-03
4.726577810783618230e-03
4.726577810783618230e-03
4.726577810783618230e-03
2.052539964627619028e-03
8.764503287001023518e-03
8.764503287001023518e-03
1.811672090473853344e-02
6.394202296071734709e-03
6.394202296071734709e-03
6.394202296071734709e-03
6.394202296071734709e-03
6.394202296071734709e-03
6.394202296071734709e-03
6.394202296071734709e-03
6.394202296071734709e-03
6.394202296071734709e-03
6.394202296071734709e-03
6.394202296071734709e-03
6.394202296071734709e-03
6.394202296071734709e-03
6.394202296071734709e-03
2.135051812671203558e-02
5.371758168203527410e-03
5.371758168203527410e-03
5.371758168203527410e-03
3.472808633898562519e-03
8.879144269645587381e-03
8.879144269645587381e-03
7.574406680334782108e-03
2.459271229878640802e-02
2.459271229878640802e-02
2.459271229878640802e-02
2.459271229878640802e-02
2.524213796276722922e-03
2.524213796276722922e-03
2.524213796276722922e-03
2.524213796276722922e-03
2.524213796276722922e-03
2.524213796276722922e-03
3.487899246736141101e-02
2.264167629552718856e-04
2.264167629552718856e-04
2.264167629552718856e-04
2.264167629552718856e-04
2.767691205416746708e-02
2.135051812671203558e-02
1.000849555084879806e-03
1.000849555084879806e-03
1.000849555084879806e-03
1.000849555084879806e-03
1.000849555084879806e-03
6.059299720824647996e-03
1.000849555084879806e-03
7.574406680334782108e-03
6.735984251819391276e-03
6.735984251819391276e-03
6.735984251819391276e-03
6.735984251819391276e-03
2.767691205416746708e-02
2.767691205416746708e-02
6.851882430258715486e-04
6.851882430258715486e-04
6.851882430258715486e-04
6.851882430258715486e-04
6.851882430258715486e-04
6.851882430258715486e-04
6.851882430258715486e-04
6.851882430258715486e-04
7.574406680334782108e-03
8.306438111444814504e-03
1.378188791653344077e-02
1.378188791653344077e-02
1.853145344543866493e-02
1.853145344543866493e-02
7.097032492955689803e-03
1.674249567032191563e-02
1.674249567032191563e-02
1.674249567032191563e-02
1.674249567032191563e-02
1.674249567032191563e-02
1.674249567032191563e-02
2.694524421910593839e-02
7.097032492955689803e-03
2.074544011340243629e-03
2.074544011340243629e-03
1.061965963635811208e-02
1.061965963635811208e-02
8.067197552674413089e-03
1.712741756749315211e-02
1.712741756749315211e-02
1.712741756749315211e-02
1.712741756749315211e-02
1.712741756749315211e-02
1.712741756749315211e-02
2.052539964627619028e-03
2.257072094118141997e-02
2.257072094118141997e-02
2.257072094118141997e-02
1.155181503994229079e-02
2.257072094118141997e-02
6.502492241598860617e-04
1.929614966686831346e-03
1.929614966686831346e-03
1.929614966686831346e-03
1.929614966686831346e-03
1.929614966686831346e-03
1.929614966686831346e-03
1.929614966686831346e-03
1.208705145748591864e-02
1.929614966686831346e-03
1.473732893299511439e-02
2.062113226451101761e-03
2.062113226451101761e-03
2.062113226451101761e-03
2.062113226451101761e-03
2.062113226451101761e-03
2.062113226451101761e-03
2.062113226451101761e-03
2.062113226451101761e-03
2.062113226451101761e-03
2.062113226451101761e-03
1.876023055635083966e-02
1.876023055635083966e-02
1.229234215549060080e-02
6.729420348317662753e-03
6.729420348317662753e-03
6.729420348317662753e-03
6.729420348317662753e-03
7.097032492955689803e-03
5.792224224562876438e-03
5.792224224562876438e-03
1.142918746537391513e-02
1.142918746537391513e-02
1.142918746537391513e-02
1.142918746537391513e-02
1.142918746537391513e-02
1.142918746537391513e-02
1.995631605820872428e-02
1.995631605820872428e-02
1.995631605820872428e-02
1.995631605820872428e-02
6.059299720824647996e-03
6.059299720824647996e-03
6.059299720824647996e-03
1.473732893299511439e-02
1.473732893299511439e-02
1.473732893299511439e-02
1.473732893299511439e-02
1.254339654913297353e-02
8.067197552674413089e-03
8.067197552674413089e-03
8.067197552674413089e-03
8.067197552674413089e-03
1.933702733831189208e-02
1.933702733831189208e-02
1.933702733831189208e-02
1.933702733831189208e-02
1.586382484159714820e-02
1.208705145748591864e-02
3.768997576434454481e-03
3.768997576434454481e-03
1.229234215549060080e-02
3.487899246736141101e-02
2.761267521100497363e-03
2.761267521100497363e-03
3.391161078322052491e-02
3.391161078322052491e-02
3.391161078322052491e-02
3.391161078322052491e-02
3.391161078322052491e-02
3.391161078322052491e-02
3.391161078322052491e-02
3.391161078322052491e-02
3.391161078322052491e-02
3.391161078322052491e-02
3.391161078322052491e-02
3.391161078322052491e-02
3.391161078322052491e-02
1.250602073781734852e-02
1.250602073781734852e-02
1.250602073781734852e-02
1.250602073781734852e-02
1.250602073781734852e-02
1.250602073781734852e-02
3.936259581166455350e-03
1.306879000219633540e-02
2.854466693937441311e-03
2.854466693937441311e-03
4.204943416508971632e-02
4.204943416508971632e-02
4.204943416508971632e-02
4.204943416508971632e-02
1.811672090473853344e-02
1.811672090473853344e-02
1.811672090473853344e-02
1.811672090473853344e-02
1.306879000219633540e-02
1.306879000219633540e-02
1.306879000219633540e-02
1.306879000219633540e-02
1.306879000219633540e-02
1.306879000219633540e-02
1.306879000219633540e-02
1.306879000219633540e-02
