5.364320072296316182e-03
3.973173970361691155e-03
3.973173970361691155e-03
3.973173970361691155e-03
3.973173970361691155e-03
1.078325734971552832e-02
1.078325734971552832e-02
1.078325734971552832e-02
1.078325734971552832e-02
1.078325734971552832e-02
1.078325734971552832e-02
1.078325734971552832e-02
1.078325734971552832e-02
1.078325734971552832e-02
1.078325734971552832e-02
1.078325734971552832e-02
1.819446687455961902e-03
6.350949131166239159e-03
6.350949131166239159e-03
6.350949131166239159e-03
6.350949131166239159e-03
6.350949131166239159e-03
6.350949131166239159e-03
6.350949131166239159e-03
6.350949131166239159e-03
6.350949131166239159e-03
6.350949131166239159e-03
6.350949131166239159e-03
6.350949131166239159e-03
6.350949131166239159e-03
6.350949131166239159e-03
6.350949131166239159e-03
6.350949131166239159e-03
6.350949131166239159e-03
6.350949131166239159e-03
6.350949131166239159e-03
6.350949131166239159e-03
8.825931990589680129e-03
6.350949131166239159e-03
3.227448256992089884e-03
1.308544042637170947e-03
1.308544042637170947e-03
7.312184093568458755e-03
7.312184093568458755e-03
7.312184093568458755e-03
7.312184093568458755e-03
7.312184093568458755e-03
7.312184093568458755e-03
7.312184093568458755e-03
7.312184093568458755e-03
7.312184093568458755e-03
3.227448256992089884e-03
7.312184093568458755e-03
8.825931990589680129e-03
2.269365282005251366e-02
2.269365282005251366e-02
2.269365282005251366e-02
2.269365282005251366e-02
2.269365282005251366e-02
2.269365282005251366e-02
2.269365282005251366e-02
2.269365282005251366e-02
2.269365282005251366e-02
1.371889941042108915e-02
2.269365282005251366e-02
2.269365282005251366e-02
2.269365282005251366e-02
2.269365282005251366e-02
2.269365282005251366e-02
2.269365282005251366e-02
2.269365282005251366e-02
2.269365282005251366e-02
2.269365282005251366e-02
2.269365282005251366e-02
2.269365282005251366e-02
0.000000000000000000e+00
0.000000000000000000e+00
0.000000000000000000e+00
0.000000000000000000e+00
0.000000000000000000e+00
0.000000000000000000e+00
0.000000000000000000e+00
0.000000000000000000e+00
0.000000000000000000e+00
0.000000000000000000e+00
0.000000000000000000e+00
0.000000000000000000e+00
0.000000000000000000e+00
0.000000000000000000e+00
0.000000000000000000e+00
0.000000000000000000e+00
0.000000000000000000e+00
0.000000000000000000e+00
0.000000000000000000e+00
0.000000000000000000e+00
0.000000000000000000e+00
0.000000000000000000e+00
0.000000000000000000e+00
0.000000000000000000e+00
0.000000000000000000e+00
0.000000000000000000e+00
2.748064583263873720e-02
2.483952453003443819e-02
2.483952453003443819e-02
1.244139917207649597e-02
1.244139917207649597e-02
1.244139917207649597e-02
1.244139917207649597e-02
1.244139917207649597e-02
1.244139917207649597e-02
1.244139917207649597e-02
1.244139917207649597e-02
1.244139917207649597e-02
1.244139917207649597e-02
1.244139917207649597e-02
2.748064583263873720e-02
1.244139917207649597e-02
1.244139917207649597e-02
1.244139917207649597e-02
1.982877649845133511e-03
2.820866202449352420e-03
2.820866202449352420e-03
2.820866202449352420e-03
2.820866202449352420e-03
2.820866202449352420e-03
2.820866202449352420e-03
2.820866202449352420e-03
2.820866202449352420e-03
2.820866202449352420e-03
2.820866202449352420e-03
7.558063523489103042e-03
1.075342863488132003e-02
1.075342863488132003e-02
5.642733986395233325e-03
5.642733986395233325e-03
5.642733986395233325e-03
7.558063523489103042e-03
5.642733986395233325e-03
5.642733986395233325e-03
5.642733986395233325e-03
2.438622365099555114e-02
2.648895046129080832e-02
2.648895046129080832e-02
2.648895046129080832e-02
2.648895046129080832e-02
2.648895046129080832e-02
2.648895046129080832e-02
2.648895046129080832e-02
2.648895046129080832e-02
2.648895046129080832e-02
2.648895046129080832e-02
1.913771421200591641e-02
6.195794020176479538e-03
6.195794020176479538e-03
6.195794020176479538e-03
6.195794020176479538e-03
5.350740959001317690e-04
6.195794020176479538e-03
2.438622365099555114e-02
2.438622365099555114e-02
2.438622365099555114e-02
2.438622365099555114e-02
5.350740959001317690e-04
5.350740959001317690e-04
5.350740959001317690e-04
2.359189118092408152e-02
1.723368554893085422e-02
1.723368554893085422e-02
1.723368554893085422e-02
1.723368554893085422e-02
1.723368554893085422e-02
1.723368554893085422e-02
1.306175225586794254e-02
0.000000000000000000e+00
0.000000000000000000e+00
1.306175225586794254e-02
1.312633122451061819e-02
1.312633122451061819e-02
1.312633122451061819e-02
1.312633122451061819e-02
1.312633122451061819e-02
1.312633122451061819e-02
2.018834974880632550e-03
5.249625819042197730e-03
5.249625819042197730e-03
5.249625819042197730e-03
5.249625819042197730e-03
0.000000000000000000e+00
2.010429012069367069e-02
2.010429012069367069e-02
2.010429012069367069e-02
2.010429012069367069e-02
2.010429012069367069e-02
2.010429012069367069e-02
2.010429012069367069e-02
2.010429012069367069e-02
3.003661978696955427e-03
8.747628708188934926e-03
8.747628708188934926e-03
8.747628708188934926e-03
8.747628708188934926e-03
2.018834974880632550e-03
1.098839199077196460e-02
1.098839199077196460e-02
1.098839199077196460e-02
1.098839199077196460e-02
6.279979525364026358e-03
6.279979525364026358e-03
6.279979525364026358e-03
6.279979525364026358e-03
6.279979525364026358e-03
6.279979525364026358e-03
6.279979525364026358e-03
6.279979525364026358e-03
6.279979525364026358e-03
6.279979525364026358e-03
6.279979525364026358e-03
6.279979525364026358e-03
6.279979525364026358e-03
6.279979525364026358e-03
6.279979525364026358e-03
5.759991782661640254e-03
5.759991782661640254e-03
5.759991782661640254e-03
5.759991782661640254e-03
5.759991782661640254e-03
5.759991782661640254e-03
5.759991782661640254e-03
5.759991782661640254e-03
5.759991782661640254e-03
5.759991782661640254e-03
5.759991782661640254e-03
5.759991782661640254e-03
5.759991782661640254e-03
5.759991782661640254e-03
5.759991782661640254e-03
5.759991782661640254e-03
5.759991782661640254e-03
3.003661978696955427e-03
3.003661978696955427e-03
3.003661978696955427e-03
3.003661978696955427e-03
3.003661978696955427e-03
3.003661978696955427e-03
0.000000000000000000e+00
0.000000000000000000e+00
0.000000000000000000e+00
0.000000000000000000e+00
0.000000000000000000e+00
0.000000000000000000e+00
0.000000000000000000e+00
0.000000000000000000e+00
0.000000000000000000e+00
0.000000000000000000e+00
0.000000000000000000e+00
0.000000000000000000e+00
0.000000000000000000e+00
2.053678854568739137e-02
2.483706362016805877e-02
2.483706362016805877e-02
1.967938348348415717e-02
2.483706362016805877e-02
1.967938348348415717e-02
1.842316328742768863e-02
1.842316328742768863e-02
2.053678854568739137e-02
1.842316328742768863e-02
3.934976618034938083e-03
3.369030788972851749e-03
3.369030788972851749e-03
3.369030788972851749e-03
3.369030788972851749e-03
1.324439666760134689e-03
3.369030788972851749e-03
3.369030788972851749e-03
3.369030788972851749e-03
1.530637287704511573e-02
1.530637287704511573e-02
1.530637287704511573e-02
1.530637287704511573e-02
1.530637287704511573e-02
2.295867175767647012e-02
1.530637287704511573e-02
1.530637287704511573e-02
1.530637287704511573e-02
2.295867175767647012e-02
1.324439666760134689e-03
1.324439666760134689e-03
1.324439666760134689e-03
1.324439666760134689e-03
1.324439666760134689e-03
1.306175225586794254e-02
1.169760035943198488e-02
1.102978447956455728e-02
1.102978447956455728e-02
1.102978447956455728e-02
1.102978447956455728e-02
1.102978447956455728e-02
1.102978447956455728e-02
1.102978447956455728e-02
1.102978447956455728e-02
1.102978447956455728e-02
1.102978447956455728e-02
1.169760035943198488e-02
1.157616798291085866e-02
6.960161515688212917e-03
6.960161515688212917e-03
6.960161515688212917e-03
6.960161515688212917e-03
6.960161515688212917e-03
1.157616798291085866e-02
1.020799803558327182e-02
1.020799803558327182e-02
1.020799803558327182e-02
1.020799803558327182e-02
1.020799803558327182e-02
1.020799803558327182e-02
1.020799803558327182e-02
1.020799803558327182e-02
1.020799803558327182e-02
1.020799803558327182e-02
1.020799803558327182e-02
1.020799803558327182e-02
1.020799803558327182e-02
0.000000000000000000e+00
0.000000000000000000e+00
0.000000000000000000e+00
0.000000000000000000e+00
0.000000000000000000e+00
0.000000000000000000e+00
0.000000000000000000e+00
0.000000000000000000e+00
0.000000000000000000e+00
0.000000000000000000e+00
0.000000000000000000e+00
0.000000000000000000e+00
0.000000000000000000e+00
1.300111028058749917e-02
1.263672034278987520e-02
3.569249342125243533e-03
1.263672034278987520e-02
4.592542555135564059e-02
2.640462499926650441e-02
2.640462499926650441e-02
2.171644562007539123e-02
3.090673531264629542e-02
3.090673531264629542e-02
8.903321124044006468e-03
4.619550399509660642e-03
4.619550399509660642e-03
4.619550399509660642e-03
4.619550399509660642e-03
4.619550399509660642e-03
4.619550399509660642e-03
4.619550399509660642e-03
4.619550399509660642e-03
4.592542555135564059e-02
2.171644562007539123e-02
4.592542555135564059e-02
4.592542555135564059e-02
2.171644562007539123e-02
2.171644562007539123e-02
2.171644562007539123e-02
2.801097211085707209e-02
2.759027725509215212e-02
2.759027725509215212e-02
2.759027725509215212e-02
2.759027725509215212e-02
2.759027725509215212e-02
2.759027725509215212e-02
2.759027725509215212e-02
2.759027725509215212e-02
1.371889941042108915e-02
4.135067154925922868e-03
1.899693623497529169e-02
1.899693623497529169e-02
1.899693623497529169e-02
1.899693623497529169e-02
1.899693623497529169e-02
1.899693623497529169e-02
1.899693623497529169e-02
1.899693623497529169e-02
0.000000000000000000e+00
0.000000000000000000e+00
0.000000000000000000e+00
1.300111028058749917e-02
1.913771421200591641e-02
4.135067154925922868e-03
4.135067154925922868e-03
4.888431213626878713e-03
4.888431213626878713e-03
4.888431213626878713e-03
4.888431213626878713e-03
4.888431213626878713e-03
4.888431213626878713e-03
4.888431213626878713e-03
4.888431213626878713e-03
4.888431213626878713e-03
4.888431213626878713e-03
4.888431213626878713e-03
4.888431213626878713e-03
4.888431213626878713e-03
1.355829428670204430e-02
2.257478997109183081e-04
2.257478997109183081e-04
2.257478997109183081e-04
2.257478997109183081e-04
2.257478997109183081e-04
2.257478997109183081e-04
2.257478997109183081e-04
2.257478997109183081e-04
2.257478997109183081e-04
2.257478997109183081e-04
0.000000000000000000e+00
0.000000000000000000e+00
0.000000000000000000e+00
0.000000000000000000e+00
0.000000000000000000e+00
0.000000000000000000e+00
0.000000000000000000e+00
0.000000000000000000e+00
0.000000000000000000e+00
0.000000000000000000e+00
3.627310988325622206e-03
1.040759136540006860e-02
1.040759136540006860e-02
1.040759136540006860e-02
1.040759136540006860e-02
0.000000000000000000e+00
0.000000000000000000e+00
0.000000000000000000e+00
0.000000000000000000e+00
0.000000000000000000e+00
0.000000000000000000e+00
0.000000000000000000e+00
0.000000000000000000e+00
0.000000000000000000e+00
0.000000000000000000e+00
0.000000000000000000e+00
9.968273082297423232e-06
9.968273082297423232e-06
9.968273082297423232e-06
9.968273082297423232e-06
9.968273082297423232e-06
9.968273082297423232e-06
9.968273082297423232e-06
9.968273082297423232e-06
9.968273082297423232e-06
9.968273082297423232e-06
9.968273082297423232e-06
8.817104305918871052e-03
8.817104305918871052e-03
8.817104305918871052e-03
8.817104305918871052e-03
8.817104305918871052e-03
8.817104305918871052e-03
8.817104305918871052e-03
8.817104305918871052e-03
8.817104305918871052e-03
8.817104305918871052e-03
8.817104305918871052e-03
8.817104305918871052e-03
8.817104305918871052e-03
8.817104305918871052e-03
8.817104305918871052e-03
8.817104305918871052e-03
8.817104305918871052e-03
8.817104305918871052e-03
1.300111028058749917e-02
4.684793473965025677e-03
6.533534483287944082e-03
6.533534483287944082e-03
6.533534483287944082e-03
6.533534483287944082e-03
1.882911924797944780e-02
4.095828708661713655e-03
4.095828708661713655e-03
4.095828708661713655e-03
4.095828708661713655e-03
4.095828708661713655e-03
4.095828708661713655e-03
1.179471022078474110e-03
4.095828708661713655e-03
2.569694742292772532e-02
1.876734215904990195e-04
1.876734215904990195e-04
1.876734215904990195e-04
1.876734215904990195e-04
1.876734215904990195e-04
1.876734215904990195e-04
1.876734215904990195e-04
1.876734215904990195e-04
7.158484705506438540e-04
1.519334836497444365e-02
1.519334836497444365e-02
1.519334836497444365e-02
1.519334836497444365e-02
1.519334836497444365e-02
1.519334836497444365e-02
8.733788105712821104e-02
8.733788105712821104e-02
8.733788105712821104e-02
8.733788105712821104e-02
8.733788105712821104e-02
8.733788105712821104e-02
8.733788105712821104e-02
8.733788105712821104e-02
8.733788105712821104e-02
8.733788105712821104e-02
8.733788105712821104e-02
3.211180981500813460e-03
2.378410414229810681e-03
2.378410414229810681e-03
1.236990699864785881e-02
1.236990699864785881e-02
1.236990699864785881e-02
1.236990699864785881e-02
1.236990699864785881e-02
1.236990699864785881e-02
1.236990699864785881e-02
1.236990699864785881e-02
1.236990699864785881e-02
1.236990699864785881e-02
1.236990699864785881e-02
1.236990699864785881e-02
1.236990699864785881e-02
1.236990699864785881e-02
1.236990699864785881e-02
1.497444147893689861e-02
1.497444147893689861e-02
1.497444147893689861e-02
1.497444147893689861e-02
1.497444147893689861e-02
1.497444147893689861e-02
1.497444147893689861e-02
1.497444147893689861e-02
1.497444147893689861e-02
1.497444147893689861e-02
1.497444147893689861e-02
1.497444147893689861e-02
1.497444147893689861e-02
1.497444147893689861e-02
1.497444147893689861e-02
1.901306520641419693e-03
1.122579070411864298e-02
1.122579070411864298e-02
1.122579070411864298e-02
1.122579070411864298e-02
1.234434768716006353e-02
1.122579070411864298e-02
2.053873553931543153e-02
2.053873553931543153e-02
2.053873553931543153e-02
2.053873553931543153e-02
2.053873553931543153e-02
2.053873553931543153e-02
2.053873553931543153e-02
2.053873553931543153e-02
2.053873553931543153e-02
2.053873553931543153e-02
2.053873553931543153e-02
2.053873553931543153e-02
2.053873553931543153e-02
1.234434768716006353e-02
1.797700383251113476e-02
1.398212587597807283e-02
1.398212587597807283e-02
1.398212587597807283e-02
1.398212587597807283e-02
1.398212587597807283e-02
1.398212587597807283e-02
1.398212587597807283e-02
1.398212587597807283e-02
4.684793473965025677e-03
8.337927415421594879e-03
8.337927415421594879e-03
8.337927415421594879e-03
8.337927415421594879e-03
3.980101772744932057e-03
6.763388608655960220e-03
6.763388608655960220e-03
1.982877649845133511e-03
1.982877649845133511e-03
1.675073232629242445e-02
1.675073232629242445e-02
1.675073232629242445e-02
1.675073232629242445e-02
1.675073232629242445e-02
1.675073232629242445e-02
1.675073232629242445e-02
1.675073232629242445e-02
1.675073232629242445e-02
1.675073232629242445e-02
1.675073232629242445e-02
1.675073232629242445e-02
1.675073232629242445e-02
2.569694742292772532e-02
2.569694742292772532e-02
3.934976618034938083e-03
3.934976618034938083e-03
2.527818627175566074e-02
1.182419952129298152e-02
1.182419952129298152e-02
1.182419952129298152e-02
1.182419952129298152e-02
1.182419952129298152e-02
1.182419952129298152e-02
1.182419952129298152e-02
1.182419952129298152e-02
1.182419952129298152e-02
1.182419952129298152e-02
4.851567889005500497e-03
4.034773338047845104e-03
4.034773338047845104e-03
4.034773338047845104e-03
4.034773338047845104e-03
4.034773338047845104e-03
4.034773338047845104e-03
4.034773338047845104e-03
4.034773338047845104e-03
1.901306520641419693e-03
1.901306520641419693e-03
1.901306520641419693e-03
1.901306520641419693e-03
1.179471022078474110e-03
3.211180981500813460e-03
7.158484705506438540e-04
7.158484705506438540e-04
7.158484705506438540e-04
3.684566305096117003e-03
5.970007511164988206e-03
5.970007511164988206e-03
5.970007511164988206e-03
5.970007511164988206e-03
1.865830866623373937e-03
1.956035424008214368e-02
1.956035424008214368e-02
1.068403798944177890e-02
1.956035424008214368e-02
6.386590869720160622e-03
6.386590869720160622e-03
6.386590869720160622e-03
6.386590869720160622e-03
6.386590869720160622e-03
2.947189629482751204e-04
6.386590869720160622e-03
9.602726010646781430e-04
6.386590869720160622e-03
2.063521181081433981e-02
1.602039989591202366e-03
1.602039989591202366e-03
1.602039989591202366e-03
1.602039989591202366e-03
1.602039989591202366e-03
1.602039989591202366e-03
1.602039989591202366e-03
1.602039989591202366e-03
1.602039989591202366e-03
1.602039989591202366e-03
1.602039989591202366e-03
1.602039989591202366e-03
1.301242796844718531e-02
1.301242796844718531e-02
1.301242796844718531e-02
1.301242796844718531e-02
1.301242796844718531e-02
1.301242796844718531e-02
1.301242796844718531e-02
1.301242796844718531e-02
1.301242796844718531e-02
1.301242796844718531e-02
1.301242796844718531e-02
1.301242796844718531e-02
1.301242796844718531e-02
3.343813236782997890e-04
1.844853674233734586e-02
1.844853674233734586e-02
0.000000000000000000e+00
0.000000000000000000e+00
0.000000000000000000e+00
0.000000000000000000e+00
1.797700383251113476e-02
1.797700383251113476e-02
1.184301897609023671e-02
2.457634289147827850e-03
2.457634289147827850e-03
2.078708865871508119e-02
2.457634289147827850e-03
2.457634289147827850e-03
2.457634289147827850e-03
2.457634289147827850e-03
2.457634289147827850e-03
2.078708865871508119e-02
1.590482792713949003e-02
5.364320072296316182e-03
5.364320072296316182e-03
5.364320072296316182e-03
5.308991434902837585e-03
5.308991434902837585e-03
5.308991434902837585e-03
5.308991434902837585e-03
5.308991434902837585e-03
5.308991434902837585e-03
5.308991434902837585e-03
3.684566305096117003e-03
5.308991434902837585e-03
5.308991434902837585e-03
5.308991434902837585e-03
1.590482792713949003e-02
1.590482792713949003e-02
2.404811089490488125e-03
2.284509704128633543e-03
2.284509704128633543e-03
1.169760035943198488e-02
1.169760035943198488e-02
1.169760035943198488e-02
1.450076159729601086e-03
1.450076159729601086e-03
1.450076159729601086e-03
1.450076159729601086e-03
1.450076159729601086e-03
1.450076159729601086e-03
1.450076159729601086e-03
1.450076159729601086e-03
1.450076159729601086e-03
1.450076159729601086e-03
1.450076159729601086e-03
1.147920028802679182e-02
6.908245595497925634e-03
6.908245595497925634e-03
6.908245595497925634e-03
6.908245595497925634e-03
6.908245595497925634e-03
6.908245595497925634e-03
1.882911924797944780e-02
1.882911924797944780e-02
0.000000000000000000e+00
0.000000000000000000e+00
9.029157838740264203e-03
1.433753173663232863e-02
1.433753173663232863e-02
1.314116393225129914e-03
7.511162490869647277e-04
7.511162490869647277e-04
6.003688271580294574e-04
6.003688271580294574e-04
8.903321124044006468e-03
8.903321124044006468e-03
3.684566305096117003e-03
9.602726010646781430e-04
4.029662319083397552e-03
4.029662319083397552e-03
5.819752022188182800e-03
4.688529902539389886e-03
4.688529902539389886e-03
2.527818627175566074e-02
2.527818627175566074e-02
3.343813236782997890e-04
1.355829428670204430e-02
1.147920028802679182e-02
1.147920028802679182e-02
1.147920028802679182e-02
1.147920028802679182e-02
3.569118015517212111e-02
2.359189118092408152e-02
3.569118015517212111e-02
4.851567889005500497e-03
1.860828732794891568e-02
1.860828732794891568e-02
5.819752022188182800e-03
4.247638418647827971e-03
4.247638418647827971e-03
4.247638418647827971e-03
4.247638418647827971e-03
4.247638418647827971e-03
4.247638418647827971e-03
4.851567889005500497e-03
5.547159394133072824e-03
5.547159394133072824e-03
5.547159394133072824e-03
5.547159394133072824e-03
5.547159394133072824e-03
3.363647529259158626e-03
5.547159394133072824e-03
1.819446687455961902e-03
1.819446687455961902e-03
2.415303179797875788e-02
4.517371926427553655e-03
4.517371926427553655e-03
1.184301897609023671e-02
1.184301897609023671e-02
2.415303179797875788e-02
2.415303179797875788e-02
2.404811089490488125e-03
2.415303179797875788e-02
2.415303179797875788e-02
2.415303179797875788e-02
5.819752022188182800e-03
2.063521181081433981e-02
2.063521181081433981e-02
2.063521181081433981e-02
2.063521181081433981e-02
1.017782584712022265e-02
1.351305774001289491e-02
1.017782584712022265e-02
1.017782584712022265e-02
1.017782584712022265e-02
1.351305774001289491e-02
1.351305774001289491e-02
1.351305774001289491e-02
1.351305774001289491e-02
1.351305774001289491e-02
1.351305774001289491e-02
2.018834974880632550e-03
1.301353063606768001e-02
1.314116393225129914e-03
1.314116393225129914e-03
1.314116393225129914e-03
1.314116393225129914e-03
3.980101772744932057e-03
2.801097211085707209e-02
2.801097211085707209e-02
3.238407044894225234e-02
1.865830866623373937e-03
3.238407044894225234e-02
3.238407044894225234e-02
3.238407044894225234e-02
1.865830866623373937e-03
1.865830866623373937e-03
1.068403798944177890e-02
3.363647529259158626e-03
3.363647529259158626e-03
3.363647529259158626e-03
4.684793473965025677e-03
1.301353063606768001e-02
1.301353063606768001e-02
3.343813236782997890e-04
3.343813236782997890e-04
3.343813236782997890e-04
3.627310988325622206e-03
3.627310988325622206e-03
3.627310988325622206e-03
3.627310988325622206e-03
3.627310988325622206e-03
3.627310988325622206e-03
9.029157838740264203e-03
9.029157838740264203e-03
9.029157838740264203e-03
9.029157838740264203e-03
9.029157838740264203e-03
9.029157838740264203e-03
9.029157838740264203e-03
9.029157838740264203e-03
2.947189629482751204e-04
