1.744669894907857361e-03
1.744669894907857361e-03
1.744669894907857361e-03
1.744669894907857361e-03
1.744669894907857361e-03
1.744669894907857361e-03
1.744669894907857361e-03
1.744669894907857361e-03
1.744669894907857361e-03
1.744669894907857361e-03
1.744669894907857361e-03
1.744669894907857361e-03
1.744669894907857361e-03
5.758269385138259713e-03
5.758269385138259713e-03
5.758269385138259713e-03
5.758269385138259713e-03
5.758269385138259713e-03
5.758269385138259713e-03
5.758269385138259713e-03
5.758269385138259713e-03
5.758269385138259713e-03
5.758269385138259713e-03
5.758269385138259713e-03
5.375611420880509021e-03
3.041364797688375816e-03
3.041364797688375816e-03
3.041364797688375816e-03
3.041364797688375816e-03
3.041364797688375816e-03
3.041364797688375816e-03
3.041364797688375816e-03
3.041364797688375816e-03
3.041364797688375816e-03
3.041364797688375816e-03
2.396452396717076161e-02
4.109789904733580218e-02
4.109789904733580218e-02
7.202734291640581175e-03
7.573597595952013053e-03
7.573597595952013053e-03
1.220422595813619449e-02
1.220422595813619449e-02
1.220422595813619449e-02
1.220422595813619449e-02
1.220422595813619449e-02
1.220422595813619449e-02
1.220422595813619449e-02
1.220422595813619449e-02
1.220422595813619449e-02
1.220422595813619449e-02
1.220422595813619449e-02
7.943752809441055954e-03
1.668125609760439873e-02
1.668125609760439873e-02
1.717849434557694455e-02
1.668125609760439873e-02
2.946846512368499205e-02
1.031537324245811356e-02
1.031537324245811356e-02
1.031537324245811356e-02
1.031537324245811356e-02
1.031537324245811356e-02
1.031537324245811356e-02
1.031537324245811356e-02
1.031537324245811356e-02
9.472380656846877967e-03
3.222859472320208779e-03
3.222859472320208779e-03
3.222859472320208779e-03
3.222859472320208779e-03
2.462645091220963187e-02
2.342624700746469973e-02
2.342624700746469973e-02
4.428357312110933405e-03
8.176787419157562423e-03
8.176787419157562423e-03
8.176787419157562423e-03
8.176787419157562423e-03
8.176787419157562423e-03
8.176787419157562423e-03
8.176787419157562423e-03
8.176787419157562423e-03
4.341969819477743686e-02
1.712490134648024867e-02
1.712490134648024867e-02
1.712490134648024867e-02
1.712490134648024867e-02
1.712490134648024867e-02
1.712490134648024867e-02
1.712490134648024867e-02
1.712490134648024867e-02
1.712490134648024867e-02
1.712490134648024867e-02
3.665817170362177524e-02
3.361527734899947412e-02
3.361527734899947412e-02
1.465474283394046021e-02
1.475681527009880395e-02
1.475681527009880395e-02
1.475681527009880395e-02
1.475681527009880395e-02
2.822156415957181603e-03
1.208539297422748897e-02
1.208539297422748897e-02
1.208539297422748897e-02
1.208539297422748897e-02
4.400132841514995882e-03
1.319471441715667093e-03
1.319471441715667093e-03
1.319471441715667093e-03
1.319471441715667093e-03
1.319471441715667093e-03
1.319471441715667093e-03
4.400132841514995882e-03
4.400132841514995882e-03
4.400132841514995882e-03
4.400132841514995882e-03
4.400132841514995882e-03
4.400132841514995882e-03
1.469654780882780586e-02
8.365255976759402787e-03
8.365255976759402787e-03
3.247937732228907415e-02
3.665817170362177524e-02
3.665817170362177524e-02
3.665817170362177524e-02
1.170661029190440093e-02
3.523700174389434261e-04
3.523700174389434261e-04
3.523700174389434261e-04
3.523700174389434261e-04
3.523700174389434261e-04
3.523700174389434261e-04
3.523700174389434261e-04
3.523700174389434261e-04
0.000000000000000000e+00
0.000000000000000000e+00
0.000000000000000000e+00
0.000000000000000000e+00
0.000000000000000000e+00
3.100966162999216694e-02
1.506614520083053403e-02
1.506614520083053403e-02
1.506614520083053403e-02
1.506614520083053403e-02
1.506614520083053403e-02
1.506614520083053403e-02
1.506614520083053403e-02
1.506614520083053403e-02
1.385097603235927247e-02
7.348388378311646735e-03
7.348388378311646735e-03
1.296090192474329836e-03
1.338588324104958947e-02
1.338588324104958947e-02
7.958942150053406866e-04
9.472380656846877967e-03
9.472380656846877967e-03
9.472380656846877967e-03
9.472380656846877967e-03
9.472380656846877967e-03
1.465474283394046021e-02
1.465474283394046021e-02
1.465474283394046021e-02
1.465474283394046021e-02
1.465474283394046021e-02
1.465474283394046021e-02
6.115873038502488146e-02
6.328122845809623642e-02
6.328122845809623642e-02
6.328122845809623642e-02
6.328122845809623642e-02
6.328122845809623642e-02
6.328122845809623642e-02
6.328122845809623642e-02
6.328122845809623642e-02
1.469654780882780586e-02
1.469654780882780586e-02
1.469654780882780586e-02
1.469654780882780586e-02
1.469654780882780586e-02
1.469654780882780586e-02
1.469654780882780586e-02
1.469654780882780586e-02
1.469654780882780586e-02
1.469654780882780586e-02
1.400140737597655718e-03
2.588509281563931147e-03
2.588509281563931147e-03
2.588509281563931147e-03
2.588509281563931147e-03
2.588509281563931147e-03
2.588509281563931147e-03
2.588509281563931147e-03
2.588509281563931147e-03
2.588509281563931147e-03
2.588509281563931147e-03
2.588509281563931147e-03
2.588509281563931147e-03
2.588509281563931147e-03
2.588509281563931147e-03
2.588509281563931147e-03
2.588509281563931147e-03
1.533251876224404377e-02
1.863231194004977363e-03
1.863231194004977363e-03
1.863231194004977363e-03
1.863231194004977363e-03
1.863231194004977363e-03
1.863231194004977363e-03
1.863231194004977363e-03
1.863231194004977363e-03
1.863231194004977363e-03
1.863231194004977363e-03
1.863231194004977363e-03
1.863231194004977363e-03
6.752531862325336989e-03
6.752531862325336989e-03
6.752531862325336989e-03
6.752531862325336989e-03
6.752531862325336989e-03
6.752531862325336989e-03
6.752531862325336989e-03
6.752531862325336989e-03
6.752531862325336989e-03
6.752531862325336989e-03
6.752531862325336989e-03
6.752531862325336989e-03
6.752531862325336989e-03
1.405698307717364627e-02
1.987493387036348008e-02
1.987493387036348008e-02
1.987493387036348008e-02
1.987493387036348008e-02
9.794754798498650147e-03
9.794754798498650147e-03
9.794754798498650147e-03
9.794754798498650147e-03
9.794754798498650147e-03
9.794754798498650147e-03
9.794754798498650147e-03
9.794754798498650147e-03
9.794754798498650147e-03
9.794754798498650147e-03
9.794754798498650147e-03
9.794754798498650147e-03
9.794754798498650147e-03
9.794754798498650147e-03
9.794754798498650147e-03
9.794754798498650147e-03
9.794754798498650147e-03
9.794754798498650147e-03
9.794754798498650147e-03
9.794754798498650147e-03
9.794754798498650147e-03
9.794754798498650147e-03
9.794754798498650147e-03
4.341969819477743686e-02
4.341969819477743686e-02
1.326837278137863070e-02
1.326837278137863070e-02
1.326837278137863070e-02
1.326837278137863070e-02
1.326837278137863070e-02
1.326837278137863070e-02
1.326837278137863070e-02
1.326837278137863070e-02
1.326837278137863070e-02
1.326837278137863070e-02
1.326837278137863070e-02
1.326837278137863070e-02
1.326837278137863070e-02
1.326837278137863070e-02
1.326837278137863070e-02
1.470597228819570286e-02
1.470597228819570286e-02
1.470597228819570286e-02
1.470597228819570286e-02
1.470597228819570286e-02
1.470597228819570286e-02
1.470597228819570286e-02
1.470597228819570286e-02
1.470597228819570286e-02
1.470597228819570286e-02
1.470597228819570286e-02
1.470597228819570286e-02
1.470597228819570286e-02
1.470597228819570286e-02
1.470597228819570286e-02
1.470597228819570286e-02
1.470597228819570286e-02
1.470597228819570286e-02
1.470597228819570286e-02
1.470597228819570286e-02
1.470597228819570286e-02
1.470597228819570286e-02
1.470597228819570286e-02
1.470597228819570286e-02
1.470597228819570286e-02
1.470597228819570286e-02
1.470597228819570286e-02
1.470597228819570286e-02
1.470597228819570286e-02
4.503059304066359993e-03
4.503059304066359993e-03
4.503059304066359993e-03
4.503059304066359993e-03
4.503059304066359993e-03
4.503059304066359993e-03
4.503059304066359993e-03
1.969581477379946099e-02
4.503059304066359993e-03
1.513755364723043118e-01
1.513755364723043118e-01
1.513755364723043118e-01
1.513755364723043118e-01
1.513755364723043118e-01
1.513755364723043118e-01
1.513755364723043118e-01
1.513755364723043118e-01
1.513755364723043118e-01
1.513755364723043118e-01
1.513755364723043118e-01
7.971690577654910043e-03
1.513755364723043118e-01
1.513755364723043118e-01
1.513755364723043118e-01
1.513755364723043118e-01
2.837478903009253792e-03
2.544680939315072457e-03
2.544680939315072457e-03
2.544680939315072457e-03
2.544680939315072457e-03
2.544680939315072457e-03
2.544680939315072457e-03
2.277841600771843625e-02
3.033999970401079051e-04
3.033999970401079051e-04
3.033999970401079051e-04
3.033999970401079051e-04
3.033999970401079051e-04
3.033999970401079051e-04
7.245748515620005666e-03
1.447254134606310028e-02
1.447254134606310028e-02
3.074927926813132012e-02
3.877574282476010936e-02
3.877574282476010936e-02
0.000000000000000000e+00
0.000000000000000000e+00
0.000000000000000000e+00
0.000000000000000000e+00
0.000000000000000000e+00
0.000000000000000000e+00
0.000000000000000000e+00
0.000000000000000000e+00
0.000000000000000000e+00
0.000000000000000000e+00
0.000000000000000000e+00
5.375611420880509021e-03
5.375611420880509021e-03
3.074927926813132012e-02
5.451375492257848690e-04
5.451375492257848690e-04
5.451375492257848690e-04
5.451375492257848690e-04
5.451375492257848690e-04
5.451375492257848690e-04
1.299887779761095487e-04
5.904985688717653836e-03
5.904985688717653836e-03
5.904985688717653836e-03
5.904985688717653836e-03
5.904985688717653836e-03
5.904985688717653836e-03
1.460287453586444489e-02
1.460287453586444489e-02
1.460287453586444489e-02
1.460287453586444489e-02
1.460287453586444489e-02
1.460287453586444489e-02
1.460287453586444489e-02
1.460287453586444489e-02
1.460287453586444489e-02
1.460287453586444489e-02
1.460287453586444489e-02
1.033294607209062034e-03
3.654630679624256036e-03
3.654630679624256036e-03
3.654630679624256036e-03
3.654630679624256036e-03
0.000000000000000000e+00
1.190397730942215765e-02
1.190397730942215765e-02
1.190397730942215765e-02
1.190397730942215765e-02
1.190397730942215765e-02
1.190397730942215765e-02
1.190397730942215765e-02
1.190397730942215765e-02
1.190397730942215765e-02
1.190397730942215765e-02
2.457827170946850354e-02
1.251004062832364533e-03
1.251004062832364533e-03
8.372332734767036835e-03
6.499996689873575439e-04
6.499996689873575439e-04
6.499996689873575439e-04
6.499996689873575439e-04
6.499996689873575439e-04
6.499996689873575439e-04
6.499996689873575439e-04
6.499996689873575439e-04
2.457827170946850354e-02
2.457827170946850354e-02
2.457827170946850354e-02
2.457827170946850354e-02
2.457827170946850354e-02
2.457827170946850354e-02
2.457827170946850354e-02
2.457827170946850354e-02
1.717849434557694455e-02
1.272209620012428564e-02
1.272209620012428564e-02
0.000000000000000000e+00
0.000000000000000000e+00
0.000000000000000000e+00
0.000000000000000000e+00
6.000315086754175881e-03
2.493298946474770128e-02
2.493298946474770128e-02
2.493298946474770128e-02
2.493298946474770128e-02
1.405698307717364627e-02
1.405698307717364627e-02
1.405698307717364627e-02
1.405698307717364627e-02
1.405698307717364627e-02
1.405698307717364627e-02
3.916684420082053482e-03
2.629532305567992313e-03
2.135356701977025862e-04
2.629532305567992313e-03
2.629532305567992313e-03
2.629532305567992313e-03
3.030851585853687122e-02
2.103441310192363106e-02
2.103441310192363106e-02
2.103441310192363106e-02
2.103441310192363106e-02
2.103441310192363106e-02
2.103441310192363106e-02
1.299887779761095487e-04
1.163985144481729031e-02
1.163985144481729031e-02
1.018276358216016128e-02
1.163985144481729031e-02
1.163985144481729031e-02
1.163985144481729031e-02
1.875731431410465784e-03
2.370163478518720092e-03
2.370163478518720092e-03
2.263229630985926291e-02
4.359535088805267106e-02
4.359535088805267106e-02
4.359535088805267106e-02
4.359535088805267106e-02
4.359535088805267106e-02
4.359535088805267106e-02
4.359535088805267106e-02
4.359535088805267106e-02
1.033294607209062034e-03
7.281476726940094325e-03
7.281476726940094325e-03
7.281476726940094325e-03
7.281476726940094325e-03
2.244076894135532338e-03
3.535339969844273483e-02
3.535339969844273483e-02
3.535339969844273483e-02
3.535339969844273483e-02
2.492343675617020998e-02
2.231435352198506139e-02
2.231435352198506139e-02
2.231435352198506139e-02
2.231435352198506139e-02
2.231435352198506139e-02
2.231435352198506139e-02
2.231435352198506139e-02
2.231435352198506139e-02
2.462645091220963187e-02
2.462645091220963187e-02
3.472511441215953704e-02
2.462645091220963187e-02
1.350482730475137969e-04
1.568031328332029862e-03
1.568031328332029862e-03
1.568031328332029862e-03
1.568031328332029862e-03
1.568031328332029862e-03
1.568031328332029862e-03
1.568031328332029862e-03
1.568031328332029862e-03
2.244076894135532338e-03
2.244076894135532338e-03
2.244076894135532338e-03
2.244076894135532338e-03
2.244076894135532338e-03
2.244076894135532338e-03
3.074927926813132012e-02
1.843602358350665896e-02
5.396275809333331112e-03
5.396275809333331112e-03
2.837478903009253792e-03
6.823451118502511965e-03
6.823451118502511965e-03
1.033294607209062034e-03
1.764910645890779145e-02
1.764910645890779145e-02
1.764910645890779145e-02
1.764910645890779145e-02
1.764910645890779145e-02
1.764910645890779145e-02
1.764910645890779145e-02
1.764910645890779145e-02
1.764910645890779145e-02
1.764910645890779145e-02
1.764910645890779145e-02
1.875731431410465784e-03
1.875731431410465784e-03
1.875731431410465784e-03
1.875731431410465784e-03
1.875731431410465784e-03
1.875731431410465784e-03
1.875731431410465784e-03
1.875731431410465784e-03
3.100966162999216694e-02
3.100966162999216694e-02
3.100966162999216694e-02
3.100966162999216694e-02
3.100966162999216694e-02
3.100966162999216694e-02
3.100966162999216694e-02
3.100966162999216694e-02
3.100966162999216694e-02
3.100966162999216694e-02
2.254131051846313544e-02
1.496786623535421856e-02
1.496786623535421856e-02
7.245748515620005666e-03
1.496786623535421856e-02
1.533251876224404377e-02
5.014166843642806244e-03
5.014166843642806244e-03
1.242612593172387307e-02
2.370643808978319458e-02
2.370643808978319458e-02
2.370643808978319458e-02
2.370643808978319458e-02
3.130543355045399545e-02
3.247937732228907415e-02
3.247937732228907415e-02
3.247937732228907415e-02
2.753314108627995943e-02
9.546717152482165486e-03
9.546717152482165486e-03
9.546717152482165486e-03
9.546717152482165486e-03
9.546717152482165486e-03
9.546717152482165486e-03
1.133051807516984207e-02
1.478071084470626529e-03
1.478071084470626529e-03
1.478071084470626529e-03
1.478071084470626529e-03
1.478071084470626529e-03
1.478071084470626529e-03
4.428357312110933405e-03
4.428357312110933405e-03
4.428357312110933405e-03
4.428357312110933405e-03
3.472511441215953704e-02
2.726906860346349146e-02
2.726906860346349146e-02
3.916684420082053482e-03
3.916684420082053482e-03
3.916684420082053482e-03
3.916684420082053482e-03
3.916684420082053482e-03
3.916684420082053482e-03
0.000000000000000000e+00
0.000000000000000000e+00
0.000000000000000000e+00
0.000000000000000000e+00
7.971690577654910043e-03
7.971690577654910043e-03
7.971690577654910043e-03
2.611976284136460682e-03
7.202734291640581175e-03
2.753314108627995943e-02
2.753314108627995943e-02
2.753314108627995943e-02
2.753314108627995943e-02
1.111017668640163110e-02
1.111017668640163110e-02
1.111017668640163110e-02
1.111017668640163110e-02
1.111017668640163110e-02
1.111017668640163110e-02
1.111017668640163110e-02
1.111017668640163110e-02
1.111017668640163110e-02
1.111017668640163110e-02
1.111017668640163110e-02
1.111017668640163110e-02
1.111017668640163110e-02
1.111017668640163110e-02
1.111017668640163110e-02
2.837478903009253792e-03
3.472511441215953704e-02
3.472511441215953704e-02
1.736940914381994785e-02
1.736940914381994785e-02
1.736940914381994785e-02
1.736940914381994785e-02
1.736940914381994785e-02
1.736940914381994785e-02
1.736940914381994785e-02
1.736940914381994785e-02
1.736940914381994785e-02
1.736940914381994785e-02
1.736940914381994785e-02
1.717849434557694455e-02
1.969581477379946099e-02
1.533251876224404377e-02
1.533251876224404377e-02
1.533251876224404377e-02
2.263229630985926291e-02
2.263229630985926291e-02
2.263229630985926291e-02
2.263229630985926291e-02
2.277841600771843625e-02
0.000000000000000000e+00
0.000000000000000000e+00
3.030851585853687122e-02
1.843602358350665896e-02
7.958942150053406866e-04
7.958942150053406866e-04
6.000315086754175881e-03
6.000315086754175881e-03
6.000315086754175881e-03
6.000315086754175881e-03
6.000315086754175881e-03
6.000315086754175881e-03
1.018276358216016128e-02
3.030851585853687122e-02
1.299887779761095487e-04
0.000000000000000000e+00
0.000000000000000000e+00
2.946846512368499205e-02
2.946846512368499205e-02
2.923652642188843617e-02
1.253703113868763833e-02
1.253703113868763833e-02
2.923652642188843617e-02
2.923652642188843617e-02
2.923652642188843617e-02
2.923652642188843617e-02
2.923652642188843617e-02
2.923652642188843617e-02
2.923652642188843617e-02
2.923652642188843617e-02
2.923652642188843617e-02
2.923652642188843617e-02
2.923652642188843617e-02
2.923652642188843617e-02
1.400140737597655718e-03
3.101171433123798334e-03
1.400140737597655718e-03
1.400140737597655718e-03
1.400140737597655718e-03
1.400140737597655718e-03
3.101171433123798334e-03
1.133051807516984207e-02
1.133051807516984207e-02
1.133051807516984207e-02
1.133051807516984207e-02
1.133051807516984207e-02
1.133051807516984207e-02
1.133051807516984207e-02
1.133051807516984207e-02
6.843192293915085524e-03
6.843192293915085524e-03
6.843192293915085524e-03
6.843192293915085524e-03
6.843192293915085524e-03
6.843192293915085524e-03
6.843192293915085524e-03
6.843192293915085524e-03
6.843192293915085524e-03
6.843192293915085524e-03
6.843192293915085524e-03
6.843192293915085524e-03
6.843192293915085524e-03
4.928034213141828379e-03
4.928034213141828379e-03
4.928034213141828379e-03
4.928034213141828379e-03
4.928034213141828379e-03
4.928034213141828379e-03
4.928034213141828379e-03
4.928034213141828379e-03
4.928034213141828379e-03
4.928034213141828379e-03
4.928034213141828379e-03
1.170661029190440093e-02
1.170661029190440093e-02
3.130543355045399545e-02
3.130543355045399545e-02
1.242612593172387307e-02
1.242612593172387307e-02
1.242612593172387307e-02
1.242612593172387307e-02
1.242612593172387307e-02
1.242612593172387307e-02
1.242612593172387307e-02
1.242612593172387307e-02
1.242612593172387307e-02
1.242612593172387307e-02
2.822156415957181603e-03
2.822156415957181603e-03
2.822156415957181603e-03
2.822156415957181603e-03
2.822156415957181603e-03
2.822156415957181603e-03
1.244747715048495455e-02
4.386687107988933992e-03
4.386687107988933992e-03
4.386687107988933992e-03
4.386687107988933992e-03
4.386687107988933992e-03
4.386687107988933992e-03
1.350482730475137969e-04
1.350482730475137969e-04
1.350482730475137969e-04
1.350482730475137969e-04
3.061715320882843743e-03
6.783235081922632179e-03
6.783235081922632179e-03
2.332298145080548279e-02
1.385097603235927247e-02
1.385097603235927247e-02
1.385097603235927247e-02
1.385097603235927247e-02
1.385097603235927247e-02
3.061715320882843743e-03
1.296090192474329836e-03
2.332298145080548279e-02
2.332298145080548279e-02
2.396452396717076161e-02
2.611976284136460682e-03
2.396452396717076161e-02
2.492343675617020998e-02
2.492343675617020998e-02
6.115873038502488146e-02
6.115873038502488146e-02
4.557757233018781828e-02
0.000000000000000000e+00
0.000000000000000000e+00
0.000000000000000000e+00
0.000000000000000000e+00
1.081967766405787963e-02
1.081967766405787963e-02
1.081967766405787963e-02
1.081967766405787963e-02
1.081967766405787963e-02
1.081967766405787963e-02
1.081967766405787963e-02
1.081967766405787963e-02
1.081967766405787963e-02
1.081967766405787963e-02
1.081967766405787963e-02
1.081967766405787963e-02
1.081967766405787963e-02
0.000000000000000000e+00
0.000000000000000000e+00
4.557757233018781828e-02
4.557757233018781828e-02
4.557757233018781828e-02
4.557757233018781828e-02
4.557757233018781828e-02
4.557757233018781828e-02
2.254131051846313544e-02
2.254131051846313544e-02
8.372332734767036835e-03
8.372332734767036835e-03
8.372332734767036835e-03
8.372332734767036835e-03
7.943752809441055954e-03
7.943752809441055954e-03
1.244747715048495455e-02
9.109701995423337070e-03
9.109701995423337070e-03
3.061715320882843743e-03
3.061715320882843743e-03
3.061715320882843743e-03
1.244747715048495455e-02
