3.788703050769887462e-03
1.762553524577773270e-02
3.788703050769887462e-03
3.788703050769887462e-03
3.788703050769887462e-03
3.788703050769887462e-03
3.788703050769887462e-03
3.788703050769887462e-03
3.788703050769887462e-03
1.762553524577773270e-02
1.107205783364863076e-02
7.380362221693153972e-03
7.380362221693153972e-03
6.756929149726336424e-03
6.756929149726336424e-03
6.756929149726336424e-03
6.756929149726336424e-03
6.756929149726336424e-03
6.756929149726336424e-03
6.756929149726336424e-03
6.756929149726336424e-03
6.756929149726336424e-03
6.756929149726336424e-03
6.756929149726336424e-03
6.756929149726336424e-03
6.756929149726336424e-03
1.107205783364863076e-02
7.521125759292423239e-03
7.521125759292423239e-03
7.521125759292423239e-03
7.521125759292423239e-03
2.186661618758869649e-02
2.186661618758869649e-02
2.186661618758869649e-02
2.186661618758869649e-02
2.186661618758869649e-02
0.000000000000000000e+00
2.186661618758869649e-02
2.186661618758869649e-02
2.186661618758869649e-02
2.186661618758869649e-02
2.186661618758869649e-02
2.186661618758869649e-02
2.186661618758869649e-02
2.186661618758869649e-02
2.186661618758869649e-02
0.000000000000000000e+00
0.000000000000000000e+00
5.976585526700687809e-03
5.976585526700687809e-03
5.976585526700687809e-03
5.976585526700687809e-03
0.000000000000000000e+00
1.364201370657283467e-02
1.364201370657283467e-02
1.364201370657283467e-02
1.364201370657283467e-02
1.364201370657283467e-02
1.364201370657283467e-02
1.936437248525547244e-02
1.936437248525547244e-02
1.936437248525547244e-02
1.936437248525547244e-02
1.936437248525547244e-02
1.936437248525547244e-02
1.936437248525547244e-02
1.936437248525547244e-02
1.936437248525547244e-02
1.936437248525547244e-02
1.936437248525547244e-02
2.134085433397905907e-02
2.134085433397905907e-02
2.134085433397905907e-02
2.134085433397905907e-02
2.134085433397905907e-02
2.134085433397905907e-02
2.134085433397905907e-02
2.134085433397905907e-02
2.134085433397905907e-02
2.134085433397905907e-02
2.134085433397905907e-02
1.395633095445102806e-02
1.395633095445102806e-02
1.395633095445102806e-02
1.395633095445102806e-02
1.395633095445102806e-02
1.395633095445102806e-02
1.395633095445102806e-02
1.395633095445102806e-02
1.395633095445102806e-02
1.395633095445102806e-02
1.395633095445102806e-02
1.904783292923361779e-02
1.395633095445102806e-02
4.917120733500392020e-03
4.917120733500392020e-03
4.917120733500392020e-03
4.917120733500392020e-03
4.917120733500392020e-03
4.917120733500392020e-03
4.917120733500392020e-03
4.917120733500392020e-03
4.917120733500392020e-03
4.917120733500392020e-03
4.917120733500392020e-03
5.368707557554408365e-03
2.335852974287442457e-02
2.335852974287442457e-02
2.335852974287442457e-02
2.335852974287442457e-02
2.335852974287442457e-02
2.335852974287442457e-02
2.335852974287442457e-02
2.335852974287442457e-02
0.000000000000000000e+00
5.583977265347788398e-03
5.583977265347788398e-03
5.583977265347788398e-03
5.583977265347788398e-03
5.583977265347788398e-03
5.583977265347788398e-03
5.583977265347788398e-03
5.583977265347788398e-03
5.583977265347788398e-03
5.583977265347788398e-03
5.583977265347788398e-03
5.583977265347788398e-03
5.583977265347788398e-03
5.583977265347788398e-03
5.583977265347788398e-03
5.583977265347788398e-03
5.583977265347788398e-03
5.583977265347788398e-03
5.583977265347788398e-03
5.583977265347788398e-03
5.583977265347788398e-03
5.583977265347788398e-03
5.029901561062707395e-03
5.029901561062707395e-03
5.029901561062707395e-03
5.029901561062707395e-03
5.029901561062707395e-03
5.029901561062707395e-03
5.029901561062707395e-03
5.029901561062707395e-03
5.029901561062707395e-03
5.029901561062707395e-03
5.029901561062707395e-03
5.029901561062707395e-03
5.029901561062707395e-03
5.029901561062707395e-03
5.029901561062707395e-03
2.062839459879134245e-03
2.062839459879134245e-03
2.062839459879134245e-03
2.062839459879134245e-03
2.062839459879134245e-03
1.398516000001843486e-02
2.062839459879134245e-03
2.062839459879134245e-03
2.062839459879134245e-03
9.123544822065629903e-03
2.125624085076588052e-02
2.125624085076588052e-02
2.125624085076588052e-02
2.125624085076588052e-02
2.125624085076588052e-02
2.125624085076588052e-02
2.125624085076588052e-02
2.125624085076588052e-02
2.125624085076588052e-02
2.125624085076588052e-02
2.125624085076588052e-02
2.125624085076588052e-02
2.125624085076588052e-02
2.125624085076588052e-02
2.125624085076588052e-02
2.125624085076588052e-02
2.125624085076588052e-02
2.125624085076588052e-02
2.125624085076588052e-02
2.125624085076588052e-02
1.062905601028421750e-02
1.062905601028421750e-02
1.062905601028421750e-02
1.062905601028421750e-02
1.062905601028421750e-02
1.062905601028421750e-02
1.062905601028421750e-02
1.062905601028421750e-02
1.062905601028421750e-02
1.062905601028421750e-02
1.062905601028421750e-02
0.000000000000000000e+00
0.000000000000000000e+00
0.000000000000000000e+00
0.000000000000000000e+00
0.000000000000000000e+00
0.000000000000000000e+00
0.000000000000000000e+00
0.000000000000000000e+00
0.000000000000000000e+00
1.077194417532091608e-02
6.591251039843487244e-03
6.591251039843487244e-03
6.591251039843487244e-03
6.591251039843487244e-03
6.591251039843487244e-03
6.591251039843487244e-03
6.591251039843487244e-03
6.591251039843487244e-03
6.591251039843487244e-03
6.591251039843487244e-03
6.591251039843487244e-03
6.591251039843487244e-03
1.542432416572860933e-02
3.623773538052298127e-02
3.623773538052298127e-02
2.636888240113754393e-03
4.686695619821387195e-03
4.686695619821387195e-03
4.686695619821387195e-03
4.686695619821387195e-03
4.686695619821387195e-03
4.686695619821387195e-03
4.686695619821387195e-03
4.686695619821387195e-03
1.542432416572860933e-02
1.542432416572860933e-02
1.542432416572860933e-02
1.542432416572860933e-02
1.542432416572860933e-02
1.542432416572860933e-02
1.542432416572860933e-02
1.542432416572860933e-02
0.000000000000000000e+00
0.000000000000000000e+00
0.000000000000000000e+00
0.000000000000000000e+00
0.000000000000000000e+00
8.295631378304372345e-04
8.295631378304372345e-04
8.295631378304372345e-04
8.295631378304372345e-04
8.295631378304372345e-04
8.295631378304372345e-04
8.295631378304372345e-04
8.295631378304372345e-04
8.295631378304372345e-04
8.295631378304372345e-04
8.295631378304372345e-04
8.295631378304372345e-04
8.295631378304372345e-04
8.295631378304372345e-04
8.295631378304372345e-04
8.295631378304372345e-04
8.295631378304372345e-04
3.324670288824844999e-02
3.324670288824844999e-02
3.324670288824844999e-02
3.324670288824844999e-02
3.324670288824844999e-02
3.324670288824844999e-02
3.324670288824844999e-02
3.324670288824844999e-02
3.324670288824844999e-02
3.324670288824844999e-02
3.324670288824844999e-02
3.324670288824844999e-02
3.324670288824844999e-02
3.324670288824844999e-02
3.324670288824844999e-02
7.202333762527125642e-03
2.520795208782143984e-02
2.520795208782143984e-02
9.123544822065629903e-03
9.123544822065629903e-03
7.202333762527125642e-03
7.202333762527125642e-03
7.202333762527125642e-03
7.202333762527125642e-03
7.202333762527125642e-03
7.202333762527125642e-03
7.202333762527125642e-03
7.202333762527125642e-03
7.202333762527125642e-03
7.202333762527125642e-03
7.202333762527125642e-03
7.202333762527125642e-03
2.017427104333329932e-02
2.017427104333329932e-02
2.017427104333329932e-02
2.017427104333329932e-02
2.017427104333329932e-02
2.017427104333329932e-02
2.017427104333329932e-02
2.017427104333329932e-02
2.017427104333329932e-02
2.017427104333329932e-02
2.017427104333329932e-02
2.017427104333329932e-02
2.017427104333329932e-02
2.017427104333329932e-02
2.017427104333329932e-02
1.818839266389988456e-03
0.000000000000000000e+00
0.000000000000000000e+00
0.000000000000000000e+00
0.000000000000000000e+00
0.000000000000000000e+00
0.000000000000000000e+00
0.000000000000000000e+00
0.000000000000000000e+00
1.322030394361571257e-02
1.270854694637661535e-02
1.270854694637661535e-02
1.270854694637661535e-02
1.270854694637661535e-02
1.270854694637661535e-02
1.270854694637661535e-02
5.008947035848550396e-03
5.008947035848550396e-03
5.008947035848550396e-03
5.008947035848550396e-03
5.008947035848550396e-03
5.008947035848550396e-03
5.008947035848550396e-03
5.008947035848550396e-03
5.008947035848550396e-03
5.008947035848550396e-03
5.008947035848550396e-03
5.551058520567992566e-03
6.229320958300107883e-04
6.229320958300107883e-04
0.000000000000000000e+00
0.000000000000000000e+00
0.000000000000000000e+00
0.000000000000000000e+00
5.551058520567992566e-03
5.551058520567992566e-03
5.551058520567992566e-03
5.551058520567992566e-03
5.551058520567992566e-03
5.551058520567992566e-03
5.551058520567992566e-03
5.551058520567992566e-03
5.551058520567992566e-03
5.551058520567992566e-03
5.551058520567992566e-03
5.551058520567992566e-03
1.312395785191764266e-02
5.368707557554408365e-03
0.000000000000000000e+00
9.372440889852898943e-03
9.372440889852898943e-03
9.372440889852898943e-03
9.372440889852898943e-03
0.000000000000000000e+00
0.000000000000000000e+00
0.000000000000000000e+00
1.016545687729722772e-02
6.441621813522944127e-03
6.441621813522944127e-03
2.812980976909220873e-02
1.172613499450628378e-02
1.172613499450628378e-02
2.323281592701391743e-02
1.830782211043299051e-02
1.830782211043299051e-02
1.016545687729722772e-02
1.830782211043299051e-02
2.069591500112541449e-02
2.366037393158170257e-02
2.366037393158170257e-02
2.366037393158170257e-02
2.366037393158170257e-02
2.366037393158170257e-02
2.366037393158170257e-02
2.366037393158170257e-02
2.366037393158170257e-02
2.366037393158170257e-02
2.366037393158170257e-02
2.366037393158170257e-02
2.366037393158170257e-02
2.366037393158170257e-02
2.366037393158170257e-02
2.366037393158170257e-02
2.366037393158170257e-02
2.366037393158170257e-02
2.366037393158170257e-02
2.366037393158170257e-02
2.366037393158170257e-02
2.366037393158170257e-02
2.366037393158170257e-02
2.366037393158170257e-02
2.366037393158170257e-02
2.366037393158170257e-02
2.366037393158170257e-02
2.366037393158170257e-02
2.366037393158170257e-02
2.323281592701391743e-02
2.525217860431093128e-02
2.525217860431093128e-02
5.683065686154131942e-03
3.518230480623470505e-03
3.518230480623470505e-03
3.518230480623470505e-03
3.518230480623470505e-03
3.518230480623470505e-03
3.518230480623470505e-03
3.518230480623470505e-03
3.518230480623470505e-03
3.518230480623470505e-03
3.518230480623470505e-03
3.121769619836397766e-02
6.145574821950802562e-03
6.145574821950802562e-03
6.145574821950802562e-03
6.145574821950802562e-03
6.145574821950802562e-03
6.145574821950802562e-03
6.145574821950802562e-03
6.145574821950802562e-03
6.686829147811147039e-03
2.437803882100310435e-03
2.437803882100310435e-03
2.437803882100310435e-03
2.437803882100310435e-03
2.437803882100310435e-03
2.437803882100310435e-03
2.437803882100310435e-03
2.437803882100310435e-03
2.016783201476991805e-02
8.029739238984371502e-03
8.029739238984371502e-03
8.029739238984371502e-03
8.029739238984371502e-03
8.029739238984371502e-03
8.029739238984371502e-03
2.813077629486394546e-02
1.899978713996653551e-02
1.899978713996653551e-02
1.899978713996653551e-02
1.899978713996653551e-02
1.899978713996653551e-02
1.899978713996653551e-02
1.899978713996653551e-02
1.899978713996653551e-02
1.103655008505648356e-02
2.781654570433295115e-02
2.781654570433295115e-02
8.536410186369234199e-04
3.973649145895923052e-03
3.973649145895923052e-03
2.963662327043367628e-02
2.041723493028327341e-02
2.041723493028327341e-02
2.041723493028327341e-02
2.041723493028327341e-02
2.812980976909220873e-02
1.955285746401878855e-02
1.955285746401878855e-02
1.955285746401878855e-02
1.955285746401878855e-02
1.059696699141532764e-02
1.769822964106196328e-02
1.769822964106196328e-02
1.769822964106196328e-02
1.769822964106196328e-02
1.769822964106196328e-02
1.769822964106196328e-02
1.769822964106196328e-02
1.769822964106196328e-02
1.421921954518185101e-02
1.689904118599333538e-02
1.689904118599333538e-02
1.689904118599333538e-02
1.689904118599333538e-02
1.331476484664964946e-02
2.417605504802920573e-03
2.417605504802920573e-03
2.417605504802920573e-03
2.417605504802920573e-03
2.417605504802920573e-03
2.417605504802920573e-03
2.417605504802920573e-03
2.417605504802920573e-03
0.000000000000000000e+00
3.581710275283549096e-03
0.000000000000000000e+00
3.581710275283549096e-03
3.581710275283549096e-03
3.581710275283549096e-03
3.581710275283549096e-03
3.581710275283549096e-03
3.581710275283549096e-03
3.581710275283549096e-03
4.816419231897883443e-03
4.816419231897883443e-03
4.816419231897883443e-03
4.816419231897883443e-03
4.816419231897883443e-03
4.816419231897883443e-03
4.816419231897883443e-03
4.816419231897883443e-03
4.816419231897883443e-03
4.816419231897883443e-03
4.816419231897883443e-03
4.816419231897883443e-03
4.816419231897883443e-03
4.816419231897883443e-03
4.816419231897883443e-03
5.679670615323796634e-03
2.481675413007184035e-03
2.481675413007184035e-03
2.481675413007184035e-03
2.481675413007184035e-03
2.481675413007184035e-03
2.481675413007184035e-03
3.866922015532360622e-03
8.139112742282524071e-03
8.139112742282524071e-03
8.702138376928736374e-03
8.702138376928736374e-03
8.702138376928736374e-03
8.702138376928736374e-03
8.702138376928736374e-03
8.702138376928736374e-03
8.702138376928736374e-03
8.702138376928736374e-03
8.702138376928736374e-03
2.224887046691118378e-02
8.702138376928736374e-03
1.043183552814232543e-02
1.524221126822419402e-03
1.524221126822419402e-03
1.524221126822419402e-03
1.524221126822419402e-03
1.339354483857159960e-02
1.548850306592320161e-02
1.548850306592320161e-02
1.548850306592320161e-02
1.548850306592320161e-02
1.548850306592320161e-02
1.548850306592320161e-02
1.027203861923943647e-02
1.540156924987245123e-02
1.540156924987245123e-02
0.000000000000000000e+00
0.000000000000000000e+00
1.059696699141532764e-02
2.216205139698590107e-02
2.216205139698590107e-02
2.162625216706582157e-02
1.027203861923943647e-02
1.027203861923943647e-02
1.027203861923943647e-02
1.027203861923943647e-02
1.027203861923943647e-02
1.643882360545710977e-02
5.868125347921442775e-02
5.868125347921442775e-02
5.868125347921442775e-02
5.868125347921442775e-02
5.868125347921442775e-02
5.868125347921442775e-02
5.868125347921442775e-02
5.868125347921442775e-02
5.868125347921442775e-02
5.868125347921442775e-02
3.674635833848338782e-03
4.870382648113123314e-04
4.870382648113123314e-04
2.954818195301129116e-02
2.162625216706582157e-02
2.162625216706582157e-02
2.162625216706582157e-02
3.674635833848338782e-03
3.674635833848338782e-03
3.674635833848338782e-03
3.674635833848338782e-03
3.674635833848338782e-03
3.674635833848338782e-03
3.674635833848338782e-03
3.674635833848338782e-03
3.674635833848338782e-03
3.674635833848338782e-03
1.398620937279810954e-02
4.451121047882389964e-02
4.451121047882389964e-02
4.451121047882389964e-02
4.451121047882389964e-02
4.451121047882389964e-02
4.451121047882389964e-02
4.451121047882389964e-02
4.451121047882389964e-02
0.000000000000000000e+00
0.000000000000000000e+00
0.000000000000000000e+00
1.421921954518185101e-02
1.421921954518185101e-02
1.421921954518185101e-02
1.421921954518185101e-02
1.421921954518185101e-02
1.421921954518185101e-02
1.421921954518185101e-02
1.421921954518185101e-02
1.421921954518185101e-02
1.421921954518185101e-02
1.038519179961290388e-02
0.000000000000000000e+00
0.000000000000000000e+00
0.000000000000000000e+00
0.000000000000000000e+00
0.000000000000000000e+00
0.000000000000000000e+00
0.000000000000000000e+00
0.000000000000000000e+00
0.000000000000000000e+00
0.000000000000000000e+00
0.000000000000000000e+00
0.000000000000000000e+00
0.000000000000000000e+00
2.963662327043367628e-02
2.963662327043367628e-02
2.963662327043367628e-02
2.963662327043367628e-02
2.963662327043367628e-02
2.963662327043367628e-02
2.963662327043367628e-02
2.963662327043367628e-02
1.370669587418369296e-03
1.370669587418369296e-03
1.370669587418369296e-03
6.554140316638615467e-03
1.370669587418369296e-03
1.370669587418369296e-03
1.370669587418369296e-03
3.554302361102382006e-03
0.000000000000000000e+00
0.000000000000000000e+00
0.000000000000000000e+00
0.000000000000000000e+00
0.000000000000000000e+00
1.791927382582684386e-02
1.791927382582684386e-02
1.791927382582684386e-02
1.791927382582684386e-02
4.841121975031739688e-03
2.330295895372820267e-02
2.330295895372820267e-02
2.330295895372820267e-02
2.330295895372820267e-02
2.330295895372820267e-02
2.330295895372820267e-02
2.330295895372820267e-02
2.330295895372820267e-02
2.330295895372820267e-02
2.330295895372820267e-02
1.111108010614100632e-02
0.000000000000000000e+00
0.000000000000000000e+00
0.000000000000000000e+00
0.000000000000000000e+00
1.214049196468114595e-03
2.602590853492612200e-03
2.602590853492612200e-03
2.602590853492612200e-03
2.602590853492612200e-03
2.602590853492612200e-03
2.602590853492612200e-03
2.602590853492612200e-03
2.602590853492612200e-03
2.602590853492612200e-03
2.602590853492612200e-03
1.111108010614100632e-02
1.111108010614100632e-02
1.111108010614100632e-02
1.111108010614100632e-02
1.111108010614100632e-02
1.111108010614100632e-02
1.111108010614100632e-02
1.111108010614100632e-02
1.111108010614100632e-02
1.111108010614100632e-02
1.339354483857159960e-02
1.339354483857159960e-02
1.339354483857159960e-02
1.339354483857159960e-02
5.026208781735064246e-02
2.069591500112541449e-02
2.069591500112541449e-02
2.069591500112541449e-02
2.069591500112541449e-02
2.069591500112541449e-02
1.564652257903291835e-02
9.001257188110145871e-03
9.001257188110145871e-03
9.001257188110145871e-03
9.001257188110145871e-03
9.001257188110145871e-03
9.001257188110145871e-03
7.244471770858105369e-03
7.244471770858105369e-03
7.244471770858105369e-03
7.244471770858105369e-03
7.244471770858105369e-03
7.244471770858105369e-03
7.244471770858105369e-03
7.244471770858105369e-03
7.244471770858105369e-03
7.244471770858105369e-03
7.244471770858105369e-03
7.244471770858105369e-03
7.244471770858105369e-03
7.244471770858105369e-03
7.244471770858105369e-03
2.812980976909220873e-02
2.812980976909220873e-02
2.812980976909220873e-02
7.625764075475315821e-04
7.625764075475315821e-04
7.625764075475315821e-04
7.625764075475315821e-04
7.625764075475315821e-04
7.625764075475315821e-04
7.625764075475315821e-04
7.625764075475315821e-04
7.625764075475315821e-04
7.625764075475315821e-04
7.625764075475315821e-04
0.000000000000000000e+00
0.000000000000000000e+00
0.000000000000000000e+00
0.000000000000000000e+00
0.000000000000000000e+00
0.000000000000000000e+00
0.000000000000000000e+00
0.000000000000000000e+00
0.000000000000000000e+00
0.000000000000000000e+00
0.000000000000000000e+00
0.000000000000000000e+00
0.000000000000000000e+00
0.000000000000000000e+00
0.000000000000000000e+00
6.554140316638615467e-03
2.093945048653228416e-03
2.093945048653228416e-03
2.224887046691118378e-02
4.519286234824815979e-02
4.668521714030229863e-02
4.668521714030229863e-02
7.860300938549349969e-03
7.860300938549349969e-03
7.860300938549349969e-03
7.860300938549349969e-03
7.860300938549349969e-03
7.860300938549349969e-03
7.860300938549349969e-03
7.860300938549349969e-03
7.860300938549349969e-03
7.860300938549349969e-03
7.860300938549349969e-03
1.513337438333373260e-02
7.860300938549349969e-03
8.536410186369234199e-04
0.000000000000000000e+00
0.000000000000000000e+00
0.000000000000000000e+00
1.987145018682598494e-03
1.987145018682598494e-03
1.987145018682598494e-03
1.987145018682598494e-03
1.987145018682598494e-03
1.987145018682598494e-03
1.987145018682598494e-03
1.987145018682598494e-03
1.987145018682598494e-03
1.987145018682598494e-03
1.987145018682598494e-03
1.987145018682598494e-03
1.987145018682598494e-03
1.987145018682598494e-03
1.987145018682598494e-03
1.987145018682598494e-03
1.987145018682598494e-03
1.987145018682598494e-03
1.987145018682598494e-03
1.313609199862793980e-02
1.313609199862793980e-02
1.313609199862793980e-02
1.313609199862793980e-02
1.313609199862793980e-02
1.313609199862793980e-02
1.313609199862793980e-02
1.313609199862793980e-02
1.313609199862793980e-02
1.313609199862793980e-02
1.313609199862793980e-02
1.313609199862793980e-02
1.313609199862793980e-02
1.322030394361571257e-02
1.322030394361571257e-02
1.322030394361571257e-02
1.322030394361571257e-02
1.564652257903291835e-02
1.564652257903291835e-02
1.564652257903291835e-02
1.564652257903291835e-02
8.715807499722687604e-03
4.629708777236665393e-03
4.629708777236665393e-03
4.629708777236665393e-03
4.629708777236665393e-03
4.629708777236665393e-03
4.629708777236665393e-03
2.954818195301129116e-02
2.954818195301129116e-02
0.000000000000000000e+00
0.000000000000000000e+00
0.000000000000000000e+00
0.000000000000000000e+00
0.000000000000000000e+00
3.489161393222621303e-03
8.731830547317546640e-03
5.910497589042725854e-03
5.910497589042725854e-03
5.910497589042725854e-03
8.731830547317546640e-03
8.731830547317546640e-03
8.731830547317546640e-03
8.731830547317546640e-03
8.731830547317546640e-03
5.679670615323796634e-03
5.679670615323796634e-03
5.679670615323796634e-03
5.679670615323796634e-03
0.000000000000000000e+00
0.000000000000000000e+00
0.000000000000000000e+00
0.000000000000000000e+00
0.000000000000000000e+00
0.000000000000000000e+00
0.000000000000000000e+00
0.000000000000000000e+00
3.554302361102382006e-03
3.554302361102382006e-03
3.554302361102382006e-03
3.554302361102382006e-03
3.554302361102382006e-03
3.554302361102382006e-03
1.555189319446167659e-02
1.912539574618214028e-02
1.912539574618214028e-02
1.912539574618214028e-02
1.912539574618214028e-02
1.912539574618214028e-02
1.912539574618214028e-02
1.912539574618214028e-02
1.912539574618214028e-02
1.912539574618214028e-02
1.912539574618214028e-02
1.049499818106756389e-02
2.212208956405855090e-02
2.212208956405855090e-02
2.212208956405855090e-02
2.212208956405855090e-02
2.212208956405855090e-02
2.212208956405855090e-02
1.904783292923361779e-02
1.904783292923361779e-02
1.904783292923361779e-02
1.643882360545710977e-02
1.643882360545710977e-02
1.555189319446167659e-02
1.555189319446167659e-02
6.686829147811147039e-03
6.686829147811147039e-03
6.686829147811147039e-03
6.686829147811147039e-03
3.489161393222621303e-03
3.489161393222621303e-03
3.489161393222621303e-03
3.489161393222621303e-03
0.000000000000000000e+00
0.000000000000000000e+00
0.000000000000000000e+00
0.000000000000000000e+00
0.000000000000000000e+00
0.000000000000000000e+00
0.000000000000000000e+00
0.000000000000000000e+00
0.000000000000000000e+00
0.000000000000000000e+00
0.000000000000000000e+00
0.000000000000000000e+00
1.038519179961290388e-02
1.038519179961290388e-02
1.818839266389988456e-03
1.818839266389988456e-03
1.149664519070568020e-02
2.541909680485225295e-02
1.149664519070568020e-02
1.149664519070568020e-02
1.149664519070568020e-02
1.149664519070568020e-02
1.149664519070568020e-02
1.149664519070568020e-02
1.149664519070568020e-02
2.541909680485225295e-02
8.536410186369234199e-04
8.536410186369234199e-04
8.536410186369234199e-04
8.536410186369234199e-04
8.536410186369234199e-04
1.312395785191764266e-02
1.312395785191764266e-02
1.312395785191764266e-02
1.312395785191764266e-02
6.958905898737063542e-03
3.367167681365941870e-03
3.367167681365941870e-03
3.367167681365941870e-03
3.367167681365941870e-03
3.367167681365941870e-03
3.367167681365941870e-03
4.385389613896820485e-03
1.379256890879198465e-03
1.379256890879198465e-03
1.379256890879198465e-03
1.379256890879198465e-03
1.379256890879198465e-03
1.379256890879198465e-03
3.628885520289486938e-03
1.000531689759654765e-02
1.000531689759654765e-02
1.000531689759654765e-02
1.000531689759654765e-02
1.000531689759654765e-02
1.000531689759654765e-02
7.138876422605040101e-03
1.852386768174600976e-02
1.852386768174600976e-02
1.852386768174600976e-02
1.852386768174600976e-02
1.852386768174600976e-02
1.852386768174600976e-02
1.852386768174600976e-02
1.852386768174600976e-02
1.852386768174600976e-02
1.852386768174600976e-02
1.852386768174600976e-02
1.852386768174600976e-02
1.852386768174600976e-02
1.852386768174600976e-02
1.852386768174600976e-02
1.852386768174600976e-02
1.852386768174600976e-02
1.852386768174600976e-02
1.852386768174600976e-02
1.852386768174600976e-02
1.852386768174600976e-02
1.852386768174600976e-02
1.852386768174600976e-02
1.852386768174600976e-02
1.852386768174600976e-02
1.852386768174600976e-02
1.852386768174600976e-02
1.852386768174600976e-02
1.852386768174600976e-02
1.852386768174600976e-02
0.000000000000000000e+00
0.000000000000000000e+00
0.000000000000000000e+00
0.000000000000000000e+00
0.000000000000000000e+00
1.327549317869549175e-02
1.327549317869549175e-02
1.327549317869549175e-02
1.327549317869549175e-02
1.327549317869549175e-02
1.327549317869549175e-02
0.000000000000000000e+00
0.000000000000000000e+00
0.000000000000000000e+00
8.915078358361104571e-03
1.473462589608521070e-02
1.473462589608521070e-02
1.473462589608521070e-02
1.473462589608521070e-02
1.473462589608521070e-02
1.473462589608521070e-02
3.628885520289486938e-03
3.628885520289486938e-03
3.628885520289486938e-03
3.628885520289486938e-03
5.683065686154131942e-03
5.683065686154131942e-03
1.698131829567864348e-02
1.246026647656665008e-02
1.246026647656665008e-02
1.049499818106756389e-02
1.049499818106756389e-02
1.049499818106756389e-02
1.049499818106756389e-02
6.554140316638615467e-03
1.398516000001843486e-02
1.398516000001843486e-02
1.107205783364863076e-02
1.107205783364863076e-02
1.107205783364863076e-02
2.636888240113754393e-03
2.636888240113754393e-03
3.866922015532360622e-03
3.866922015532360622e-03
3.866922015532360622e-03
3.866922015532360622e-03
3.866922015532360622e-03
3.866922015532360622e-03
3.866922015532360622e-03
3.866922015532360622e-03
8.915078358361104571e-03
8.915078358361104571e-03
8.915078358361104571e-03
8.915078358361104571e-03
0.000000000000000000e+00
0.000000000000000000e+00
0.000000000000000000e+00
0.000000000000000000e+00
4.385389613896820485e-03
4.385389613896820485e-03
4.385389613896820485e-03
4.385389613896820485e-03
9.201585571251323994e-03
0.000000000000000000e+00
0.000000000000000000e+00
0.000000000000000000e+00
0.000000000000000000e+00
3.121769619836397766e-02
3.121769619836397766e-02
3.121769619836397766e-02
3.121769619836397766e-02
3.121769619836397766e-02
3.121769619836397766e-02
3.121769619836397766e-02
3.121769619836397766e-02
2.568066013493399205e-02
1.043183552814232543e-02
1.043183552814232543e-02
1.043183552814232543e-02
5.026208781735064246e-02
5.026208781735064246e-02
1.434559635455918969e-03
2.755697306355240142e-02
2.755697306355240142e-02
4.841121975031739688e-03
4.841121975031739688e-03
8.715807499722687604e-03
8.715807499722687604e-03
8.715807499722687604e-03
8.715807499722687604e-03
1.606137090484317624e-03
1.619477459818454562e-02
1.619477459818454562e-02
1.619477459818454562e-02
1.619477459818454562e-02
4.519286234824815979e-02
4.519286234824815979e-02
4.519286234824815979e-02
4.519286234824815979e-02
4.519286234824815979e-02
4.519286234824815979e-02
4.519286234824815979e-02
4.519286234824815979e-02
1.398620937279810954e-02
1.398620937279810954e-02
9.201585571251323994e-03
1.387488218198977032e-02
1.387488218198977032e-02
1.387488218198977032e-02
1.387488218198977032e-02
1.387488218198977032e-02
1.387488218198977032e-02
2.023737683253685245e-03
2.233225558655229509e-02
2.233225558655229509e-02
2.233225558655229509e-02
2.233225558655229509e-02
2.323281592701391743e-02
1.606137090484317624e-03
1.606137090484317624e-03
1.606137090484317624e-03
1.606137090484317624e-03
1.606137090484317624e-03
1.606137090484317624e-03
0.000000000000000000e+00
0.000000000000000000e+00
2.023737683253685245e-03
1.698131829567864348e-02
3.008460408518398230e-02
2.050443076526225778e-03
2.050443076526225778e-03
0.000000000000000000e+00
0.000000000000000000e+00
3.008460408518398230e-02
3.008460408518398230e-02
3.008460408518398230e-02
3.008460408518398230e-02
3.008460408518398230e-02
3.008460408518398230e-02
3.008460408518398230e-02
3.008460408518398230e-02
0.000000000000000000e+00
6.958905898737063542e-03
1.016821806247747081e-02
1.016821806247747081e-02
1.331476484664964946e-02
1.103655008505648356e-02
1.103655008505648356e-02
1.103655008505648356e-02
6.958905898737063542e-03
2.813077629486394546e-02
2.813077629486394546e-02
1.331476484664964946e-02
1.434559635455918969e-03
1.434559635455918969e-03
1.434559635455918969e-03
1.434559635455918969e-03
1.434559635455918969e-03
1.434559635455918969e-03
1.434559635455918969e-03
1.434559635455918969e-03
9.201585571251323994e-03
9.201585571251323994e-03
9.201585571251323994e-03
1.513337438333373260e-02
1.513337438333373260e-02
1.214049196468114595e-03
1.214049196468114595e-03
1.059696699141532764e-02
1.077194417532091608e-02
1.077194417532091608e-02
7.138876422605040101e-03
7.138876422605040101e-03
2.016783201476991805e-02
2.016783201476991805e-02
2.016783201476991805e-02
2.016783201476991805e-02
2.568066013493399205e-02
2.568066013493399205e-02
