1.216278947618057785e-02
8.676714252551901568e-03
8.676714252551901568e-03
8.676714252551901568e-03
8.676714252551901568e-03
8.676714252551901568e-03
8.676714252551901568e-03
8.676714252551901568e-03
8.676714252551901568e-03
1.051127175140182009e-02
0.000000000000000000e+00
0.000000000000000000e+00
5.054319066756746658e-03
1.411582524993013586e-02
1.411582524993013586e-02
1.411582524993013586e-02
1.411582524993013586e-02
1.411582524993013586e-02
1.411582524993013586e-02
1.411582524993013586e-02
1.411582524993013586e-02
1.051127175140182009e-02
1.051127175140182009e-02
1.051127175140182009e-02
1.051127175140182009e-02
1.051127175140182009e-02
1.051127175140182009e-02
1.051127175140182009e-02
1.051127175140182009e-02
1.051127175140182009e-02
1.051127175140182009e-02
1.051127175140182009e-02
1.051127175140182009e-02
1.051127175140182009e-02
1.051127175140182009e-02
1.216278947618057785e-02
1.216278947618057785e-02
7.938038822035906050e-03
7.938038822035906050e-03
7.938038822035906050e-03
7.938038822035906050e-03
7.938038822035906050e-03
7.938038822035906050e-03
7.938038822035906050e-03
7.938038822035906050e-03
7.938038822035906050e-03
7.938038822035906050e-03
7.938038822035906050e-03
7.938038822035906050e-03
7.938038822035906050e-03
1.176255569467470063e-02
1.176255569467470063e-02
1.176255569467470063e-02
1.176255569467470063e-02
1.176255569467470063e-02
1.176255569467470063e-02
1.176255569467470063e-02
1.176255569467470063e-02
1.176255569467470063e-02
1.176255569467470063e-02
1.176255569467470063e-02
1.176255569467470063e-02
1.176255569467470063e-02
5.582770062784532701e-03
5.582770062784532701e-03
5.582770062784532701e-03
5.582770062784532701e-03
5.582770062784532701e-03
5.582770062784532701e-03
5.582770062784532701e-03
5.582770062784532701e-03
5.582770062784532701e-03
5.582770062784532701e-03
5.582770062784532701e-03
5.582770062784532701e-03
5.582770062784532701e-03
3.181239221945358995e-03
3.496876683598612503e-03
3.496876683598612503e-03
2.480045720939517018e-03
2.480045720939517018e-03
2.480045720939517018e-03
2.480045720939517018e-03
2.480045720939517018e-03
2.480045720939517018e-03
2.480045720939517018e-03
2.480045720939517018e-03
2.480045720939517018e-03
2.480045720939517018e-03
2.480045720939517018e-03
2.480045720939517018e-03
2.480045720939517018e-03
0.000000000000000000e+00
0.000000000000000000e+00
0.000000000000000000e+00
0.000000000000000000e+00
0.000000000000000000e+00
0.000000000000000000e+00
0.000000000000000000e+00
0.000000000000000000e+00
0.000000000000000000e+00
0.000000000000000000e+00
0.000000000000000000e+00
0.000000000000000000e+00
0.000000000000000000e+00
3.181239221945358995e-03
1.399061617144980790e-03
6.734425969985937972e-04
1.399061617144980790e-03
1.399061617144980790e-03
1.399061617144980790e-03
0.000000000000000000e+00
3.446540746363413021e-03
3.446540746363413021e-03
3.419478292679092434e-03
3.446540746363413021e-03
3.446540746363413021e-03
3.446540746363413021e-03
3.446540746363413021e-03
3.446540746363413021e-03
0.000000000000000000e+00
0.000000000000000000e+00
0.000000000000000000e+00
0.000000000000000000e+00
0.000000000000000000e+00
0.000000000000000000e+00
0.000000000000000000e+00
0.000000000000000000e+00
0.000000000000000000e+00
3.419478292679092434e-03
7.082812507403062887e-04
0.000000000000000000e+00
0.000000000000000000e+00
0.000000000000000000e+00
0.000000000000000000e+00
0.000000000000000000e+00
0.000000000000000000e+00
0.000000000000000000e+00
0.000000000000000000e+00
0.000000000000000000e+00
1.223388973140292733e-02
1.223388973140292733e-02
1.223388973140292733e-02
1.223388973140292733e-02
0.000000000000000000e+00
6.156637175885368947e-04
6.156637175885368947e-04
6.156637175885368947e-04
6.156637175885368947e-04
6.156637175885368947e-04
6.156637175885368947e-04
6.156637175885368947e-04
6.156637175885368947e-04
4.781516773533999961e-04
1.685906055436145121e-02
1.685906055436145121e-02
4.936675791761768739e-03
1.685906055436145121e-02
5.407638360624651870e-03
1.191670129696506542e-02
1.191670129696506542e-02
1.191670129696506542e-02
1.191670129696506542e-02
4.936675791761768739e-03
1.455991110574809955e-03
1.455991110574809955e-03
1.455991110574809955e-03
1.455991110574809955e-03
1.455991110574809955e-03
1.455991110574809955e-03
1.455991110574809955e-03
1.455991110574809955e-03
1.455991110574809955e-03
1.455991110574809955e-03
1.455991110574809955e-03
1.455991110574809955e-03
1.455991110574809955e-03
1.455991110574809955e-03
1.455991110574809955e-03
1.455991110574809955e-03
1.455991110574809955e-03
2.249158675859160711e-02
1.161773272016618491e-03
1.161773272016618491e-03
1.161773272016618491e-03
1.161773272016618491e-03
1.161773272016618491e-03
1.161773272016618491e-03
1.161773272016618491e-03
1.161773272016618491e-03
6.747824036545282782e-03
6.747824036545282782e-03
6.747824036545282782e-03
6.747824036545282782e-03
6.747824036545282782e-03
6.747824036545282782e-03
6.747824036545282782e-03
6.747824036545282782e-03
6.747824036545282782e-03
6.747824036545282782e-03
6.747824036545282782e-03
6.747824036545282782e-03
6.747824036545282782e-03
6.747824036545282782e-03
6.747824036545282782e-03
2.249158675859160711e-02
1.991810324344978414e-02
1.991810324344978414e-02
4.432908184058838297e-02
4.250309063618204486e-02
4.250309063618204486e-02
1.959919935929995902e-02
4.250309063618204486e-02
4.250309063618204486e-02
4.250309063618204486e-02
1.292986274150757526e-03
1.292986274150757526e-03
1.292986274150757526e-03
1.292986274150757526e-03
1.292986274150757526e-03
1.292986274150757526e-03
1.292986274150757526e-03
1.292986274150757526e-03
1.292986274150757526e-03
1.292986274150757526e-03
1.292986274150757526e-03
1.292986274150757526e-03
1.292986274150757526e-03
1.292986274150757526e-03
1.292986274150757526e-03
1.292986274150757526e-03
1.292986274150757526e-03
1.292986274150757526e-03
1.292986274150757526e-03
0.000000000000000000e+00
0.000000000000000000e+00
0.000000000000000000e+00
0.000000000000000000e+00
0.000000000000000000e+00
4.190023055221659548e-02
4.190023055221659548e-02
4.190023055221659548e-02
4.190023055221659548e-02
4.190023055221659548e-02
4.190023055221659548e-02
4.190023055221659548e-02
4.190023055221659548e-02
4.190023055221659548e-02
4.190023055221659548e-02
4.190023055221659548e-02
4.190023055221659548e-02
4.190023055221659548e-02
4.190023055221659548e-02
4.190023055221659548e-02
4.190023055221659548e-02
4.190023055221659548e-02
4.190023055221659548e-02
4.190023055221659548e-02
4.190023055221659548e-02
4.190023055221659548e-02
7.621430845074970940e-04
1.111183440817802882e-02
1.093637947280731021e-02
3.418718089342992050e-04
1.093637947280731021e-02
1.093637947280731021e-02
1.093637947280731021e-02
1.093637947280731021e-02
1.093637947280731021e-02
1.093637947280731021e-02
1.093637947280731021e-02
1.111183440817802882e-02
7.621430845074970940e-04
7.621430845074970940e-04
7.621430845074970940e-04
7.621430845074970940e-04
7.007419079279237663e-03
7.007419079279237663e-03
7.007419079279237663e-03
7.007419079279237663e-03
7.007419079279237663e-03
7.007419079279237663e-03
7.007419079279237663e-03
7.007419079279237663e-03
7.007419079279237663e-03
7.007419079279237663e-03
7.007419079279237663e-03
5.833772930770315251e-02
5.833772930770315251e-02
5.833772930770315251e-02
5.833772930770315251e-02
5.833772930770315251e-02
5.833772930770315251e-02
5.833772930770315251e-02
5.833772930770315251e-02
5.833772930770315251e-02
5.833772930770315251e-02
5.833772930770315251e-02
1.951897406011793637e-02
1.015375519191803570e-02
1.015375519191803570e-02
3.350643551106319284e-02
2.123915508894510737e-02
2.123915508894510737e-02
2.123915508894510737e-02
2.123915508894510737e-02
1.951897406011793637e-02
2.123915508894510737e-02
9.529587115346680945e-03
4.095371053845208993e-04
4.095371053845208993e-04
4.095371053845208993e-04
4.095371053845208993e-04
4.095371053845208993e-04
4.095371053845208993e-04
4.095371053845208993e-04
4.095371053845208993e-04
1.951897406011793637e-02
1.951897406011793637e-02
1.951897406011793637e-02
1.951897406011793637e-02
1.951897406011793637e-02
6.176241318016016668e-02
4.358957642230796431e-02
4.358957642230796431e-02
1.481325660085358684e-03
1.481325660085358684e-03
1.481325660085358684e-03
1.481325660085358684e-03
1.481325660085358684e-03
1.481325660085358684e-03
1.481325660085358684e-03
1.481325660085358684e-03
1.481325660085358684e-03
1.481325660085358684e-03
1.481325660085358684e-03
6.176241318016016668e-02
6.176241318016016668e-02
0.000000000000000000e+00
6.176241318016016668e-02
4.368307553823756045e-02
6.176241318016016668e-02
6.176241318016016668e-02
6.176241318016016668e-02
0.000000000000000000e+00
4.368307553823756045e-02
4.368307553823756045e-02
4.368307553823756045e-02
4.368307553823756045e-02
4.368307553823756045e-02
4.368307553823756045e-02
4.368307553823756045e-02
4.368307553823756045e-02
4.368307553823756045e-02
4.368307553823756045e-02
4.368307553823756045e-02
4.368307553823756045e-02
4.368307553823756045e-02
4.368307553823756045e-02
4.368307553823756045e-02
4.368307553823756045e-02
4.368307553823756045e-02
4.368307553823756045e-02
4.368307553823756045e-02
4.368307553823756045e-02
4.368307553823756045e-02
4.368307553823756045e-02
4.368307553823756045e-02
4.368307553823756045e-02
4.368307553823756045e-02
4.368307553823756045e-02
4.368307553823756045e-02
4.368307553823756045e-02
4.368307553823756045e-02
4.368307553823756045e-02
4.368307553823756045e-02
4.368307553823756045e-02
4.368307553823756045e-02
4.368307553823756045e-02
4.368307553823756045e-02
4.368307553823756045e-02
4.368307553823756045e-02
4.368307553823756045e-02
4.368307553823756045e-02
4.368307553823756045e-02
4.368307553823756045e-02
4.368307553823756045e-02
4.368307553823756045e-02
2.615805735639049542e-02
3.350643551106319284e-02
0.000000000000000000e+00
0.000000000000000000e+00
0.000000000000000000e+00
0.000000000000000000e+00
0.000000000000000000e+00
0.000000000000000000e+00
0.000000000000000000e+00
0.000000000000000000e+00
0.000000000000000000e+00
0.000000000000000000e+00
0.000000000000000000e+00
0.000000000000000000e+00
0.000000000000000000e+00
0.000000000000000000e+00
0.000000000000000000e+00
0.000000000000000000e+00
1.309896800411560272e-02
1.309896800411560272e-02
1.309896800411560272e-02
1.309896800411560272e-02
1.309896800411560272e-02
1.309896800411560272e-02
1.309896800411560272e-02
1.309896800411560272e-02
1.309896800411560272e-02
1.309896800411560272e-02
1.309896800411560272e-02
1.309896800411560272e-02
1.309896800411560272e-02
1.309896800411560272e-02
1.309896800411560272e-02
1.309896800411560272e-02
1.309896800411560272e-02
1.309896800411560272e-02
1.309896800411560272e-02
1.309896800411560272e-02
1.309896800411560272e-02
1.309896800411560272e-02
1.309896800411560272e-02
1.309896800411560272e-02
1.309896800411560272e-02
4.432908184058838297e-02
4.432908184058838297e-02
4.432908184058838297e-02
4.432908184058838297e-02
0.000000000000000000e+00
0.000000000000000000e+00
3.501172401975346984e-03
1.594564104249482708e-02
1.594564104249482708e-02
1.594564104249482708e-02
1.594564104249482708e-02
1.061708124017916692e-02
1.327164606413122963e-02
1.327164606413122963e-02
1.327164606413122963e-02
1.327164606413122963e-02
1.327164606413122963e-02
1.327164606413122963e-02
3.501172401975346984e-03
3.501172401975346984e-03
3.501172401975346984e-03
3.501172401975346984e-03
3.501172401975346984e-03
3.501172401975346984e-03
3.501172401975346984e-03
3.501172401975346984e-03
3.501172401975346984e-03
3.501172401975346984e-03
8.355148190786771539e-03
6.947880556193413402e-03
6.947880556193413402e-03
6.947880556193413402e-03
6.947880556193413402e-03
6.947880556193413402e-03
6.947880556193413402e-03
6.947880556193413402e-03
6.947880556193413402e-03
4.528543213571340625e-03
4.528543213571340625e-03
4.528543213571340625e-03
4.528543213571340625e-03
4.528543213571340625e-03
4.528543213571340625e-03
4.528543213571340625e-03
4.528543213571340625e-03
4.528543213571340625e-03
4.528543213571340625e-03
4.528543213571340625e-03
9.529587115346680945e-03
9.529587115346680945e-03
3.725898195706926069e-02
3.600549142707756139e-02
3.600549142707756139e-02
3.600549142707756139e-02
3.600549142707756139e-02
3.600549142707756139e-02
3.600549142707756139e-02
5.407638360624651870e-03
5.407638360624651870e-03
5.407638360624651870e-03
5.407638360624651870e-03
5.407638360624651870e-03
5.407638360624651870e-03
3.725898195706926069e-02
3.725898195706926069e-02
3.725898195706926069e-02
3.725898195706926069e-02
0.000000000000000000e+00
7.894937700938650313e-04
7.894937700938650313e-04
7.894937700938650313e-04
7.894937700938650313e-04
0.000000000000000000e+00
0.000000000000000000e+00
6.794879553499379339e-04
1.694965193701182885e-02
1.694965193701182885e-02
1.694965193701182885e-02
1.694965193701182885e-02
1.727903427475925568e-02
5.619593776274991320e-03
5.619593776274991320e-03
5.619593776274991320e-03
5.619593776274991320e-03
5.619593776274991320e-03
5.619593776274991320e-03
7.082812507403062887e-04
7.082812507403062887e-04
2.598043826243729218e-02
3.484041309523951135e-02
3.484041309523951135e-02
3.484041309523951135e-02
3.484041309523951135e-02
3.484041309523951135e-02
3.484041309523951135e-02
5.680070942544238576e-04
2.878979084837782892e-03
2.878979084837782892e-03
2.878979084837782892e-03
2.878979084837782892e-03
1.564802263535962010e-02
3.750628036600960318e-03
3.750628036600960318e-03
2.741395538763660364e-02
1.135559928876669032e-02
1.135559928876669032e-02
1.056391588351541155e-03
1.135559928876669032e-02
1.135559928876669032e-02
1.135559928876669032e-02
1.135559928876669032e-02
1.135559928876669032e-02
1.706994494622042155e-02
4.623314737483371142e-03
4.623314737483371142e-03
2.811204245106036035e-03
3.286065804938061857e-03
3.286065804938061857e-03
3.286065804938061857e-03
3.286065804938061857e-03
2.103424439351410727e-02
1.964874598932729935e-02
1.964874598932729935e-02
1.964874598932729935e-02
1.964874598932729935e-02
1.964874598932729935e-02
1.964874598932729935e-02
1.964874598932729935e-02
1.964874598932729935e-02
1.077124393203887816e-02
2.572322738346847354e-02
2.572322738346847354e-02
2.572322738346847354e-02
2.572322738346847354e-02
2.572322738346847354e-02
2.572322738346847354e-02
0.000000000000000000e+00
0.000000000000000000e+00
0.000000000000000000e+00
0.000000000000000000e+00
0.000000000000000000e+00
0.000000000000000000e+00
0.000000000000000000e+00
6.117415623107909199e-03
5.807028758613463383e-03
5.807028758613463383e-03
5.807028758613463383e-03
5.807028758613463383e-03
7.975736369518645480e-03
1.270695476152042258e-02
1.270695476152042258e-02
1.270695476152042258e-02
1.270695476152042258e-02
1.702755364874229335e-02
4.591057416050781104e-02
4.591057416050781104e-02
4.591057416050781104e-02
4.591057416050781104e-02
4.591057416050781104e-02
4.591057416050781104e-02
4.591057416050781104e-02
4.591057416050781104e-02
5.255140164566584476e-04
6.723442558869865797e-03
6.723442558869865797e-03
6.723442558869865797e-03
6.723442558869865797e-03
1.302356073614174131e-02
1.782596166700370702e-02
1.782596166700370702e-02
1.782596166700370702e-02
1.782596166700370702e-02
1.782596166700370702e-02
1.782596166700370702e-02
1.782596166700370702e-02
1.782596166700370702e-02
3.418718089342992050e-04
7.153632792749833706e-03
4.811637161207321482e-03
4.811637161207321482e-03
6.117415623107909199e-03
6.117415623107909199e-03
6.117415623107909199e-03
6.117415623107909199e-03
6.117415623107909199e-03
6.117415623107909199e-03
1.244873638887743564e-02
3.120188754626427186e-03
3.120188754626427186e-03
3.120188754626427186e-03
3.120188754626427186e-03
3.120188754626427186e-03
3.120188754626427186e-03
2.244538372954925538e-03
2.244538372954925538e-03
2.244538372954925538e-03
2.244538372954925538e-03
2.244538372954925538e-03
2.244538372954925538e-03
2.244538372954925538e-03
2.244538372954925538e-03
2.244538372954925538e-03
2.244538372954925538e-03
2.244538372954925538e-03
1.959919935929995902e-02
7.153632792749833706e-03
7.153632792749833706e-03
7.153632792749833706e-03
7.153632792749833706e-03
7.153632792749833706e-03
7.153632792749833706e-03
7.153632792749833706e-03
7.153632792749833706e-03
7.153632792749833706e-03
7.153632792749833706e-03
3.999294806563267329e-02
3.324412961707477049e-02
3.324412961707477049e-02
3.657277708594638965e-02
3.324412961707477049e-02
1.769747496435024672e-02
3.324412961707477049e-02
3.324412961707477049e-02
3.324412961707477049e-02
3.999294806563267329e-02
1.966333123720714199e-02
1.966333123720714199e-02
1.966333123720714199e-02
1.966333123720714199e-02
0.000000000000000000e+00
0.000000000000000000e+00
1.329738112305512386e-02
2.396356223344798045e-02
1.134977778945054500e-02
1.134977778945054500e-02
1.134977778945054500e-02
2.396356223344798045e-02
2.396356223344798045e-02
2.396356223344798045e-02
3.714888097257232347e-02
3.714888097257232347e-02
3.714888097257232347e-02
3.825170290273709195e-02
3.714888097257232347e-02
3.714888097257232347e-02
3.714888097257232347e-02
3.714888097257232347e-02
3.714888097257232347e-02
1.588378173890541561e-02
1.329738112305512386e-02
1.329738112305512386e-02
1.329738112305512386e-02
1.588378173890541561e-02
1.588378173890541561e-02
1.588378173890541561e-02
2.590719970729564014e-03
1.727903427475925568e-02
1.727903427475925568e-02
1.727903427475925568e-02
1.689100319149532126e-03
7.961790981559817640e-03
7.961790981559817640e-03
7.961790981559817640e-03
7.961790981559817640e-03
1.690492786273257650e-02
1.706673804321587676e-02
1.706673804321587676e-02
2.460612693448738231e-02
4.519049269168309846e-03
4.519049269168309846e-03
4.519049269168309846e-03
4.519049269168309846e-03
1.161970618079595161e-02
1.161970618079595161e-02
1.161970618079595161e-02
1.161970618079595161e-02
1.161970618079595161e-02
1.161970618079595161e-02
1.161970618079595161e-02
1.161970618079595161e-02
1.161970618079595161e-02
1.161970618079595161e-02
1.161970618079595161e-02
1.161970618079595161e-02
1.161970618079595161e-02
1.187904431414870537e-02
1.275235288735769579e-02
1.275235288735769579e-02
1.224313449459442545e-02
9.454577445692936150e-03
9.454577445692936150e-03
9.454577445692936150e-03
9.454577445692936150e-03
2.730486021852972234e-02
3.080150238158503237e-02
3.080150238158503237e-02
4.116533992895844013e-03
4.116533992895844013e-03
4.116533992895844013e-03
4.116533992895844013e-03
4.116533992895844013e-03
4.116533992895844013e-03
4.116533992895844013e-03
4.116533992895844013e-03
4.116533992895844013e-03
4.116533992895844013e-03
4.116533992895844013e-03
4.116533992895844013e-03
4.116533992895844013e-03
2.673809778274719925e-04
2.673809778274719925e-04
2.673809778274719925e-04
2.673809778274719925e-04
2.673809778274719925e-04
2.673809778274719925e-04
2.673809778274719925e-04
2.673809778274719925e-04
2.673809778274719925e-04
2.673809778274719925e-04
2.673809778274719925e-04
2.673809778274719925e-04
2.673809778274719925e-04
2.673809778274719925e-04
2.673809778274719925e-04
9.852342311965425758e-03
1.454868011713794478e-02
4.734935717092291808e-03
4.734935717092291808e-03
4.734935717092291808e-03
4.734935717092291808e-03
4.734935717092291808e-03
1.454868011713794478e-02
1.454868011713794478e-02
6.794879553499379339e-04
8.271294420100588213e-03
8.271294420100588213e-03
0.000000000000000000e+00
1.055455355774850661e-02
1.055455355774850661e-02
1.055455355774850661e-02
1.055455355774850661e-02
0.000000000000000000e+00
0.000000000000000000e+00
0.000000000000000000e+00
0.000000000000000000e+00
0.000000000000000000e+00
0.000000000000000000e+00
0.000000000000000000e+00
6.794879553499379339e-04
6.794879553499379339e-04
6.794879553499379339e-04
1.224313449459442545e-02
1.224313449459442545e-02
1.224313449459442545e-02
1.224313449459442545e-02
1.224313449459442545e-02
1.224313449459442545e-02
1.224313449459442545e-02
1.224313449459442545e-02
9.738840680305250628e-04
5.751031457037742919e-03
5.751031457037742919e-03
5.751031457037742919e-03
5.751031457037742919e-03
5.751031457037742919e-03
5.751031457037742919e-03
1.689100319149532126e-03
1.689100319149532126e-03
1.689100319149532126e-03
1.689100319149532126e-03
1.689100319149532126e-03
1.689100319149532126e-03
1.689100319149532126e-03
1.689100319149532126e-03
1.689100319149532126e-03
1.689100319149532126e-03
1.689100319149532126e-03
1.689100319149532126e-03
1.689100319149532126e-03
1.689100319149532126e-03
1.689100319149532126e-03
1.689100319149532126e-03
1.689100319149532126e-03
1.689100319149532126e-03
1.689100319149532126e-03
1.689100319149532126e-03
1.689100319149532126e-03
1.689100319149532126e-03
7.057065511683138954e-03
1.690492786273257650e-02
1.690492786273257650e-02
1.690492786273257650e-02
6.749195824901144287e-03
6.749195824901144287e-03
6.749195824901144287e-03
6.749195824901144287e-03
6.749195824901144287e-03
6.749195824901144287e-03
6.749195824901144287e-03
6.749195824901144287e-03
6.749195824901144287e-03
6.749195824901144287e-03
6.749195824901144287e-03
6.749195824901144287e-03
6.749195824901144287e-03
6.749195824901144287e-03
6.749195824901144287e-03
4.446981590250560779e-02
4.446981590250560779e-02
4.446981590250560779e-02
4.446981590250560779e-02
4.446981590250560779e-02
4.446981590250560779e-02
4.446981590250560779e-02
4.446981590250560779e-02
4.446981590250560779e-02
4.446981590250560779e-02
4.446981590250560779e-02
1.570536955211933403e-03
9.022801777802229306e-03
9.022801777802229306e-03
9.022801777802229306e-03
9.022801777802229306e-03
4.228741563293797294e-03
4.879828864117998627e-03
4.879828864117998627e-03
1.459073745909661782e-02
1.274974270245481794e-02
1.274974270245481794e-02
1.274974270245481794e-02
1.274974270245481794e-02
1.274974270245481794e-02
1.274974270245481794e-02
1.570536955211933403e-03
1.570536955211933403e-03
1.570536955211933403e-03
1.570536955211933403e-03
1.570536955211933403e-03
1.570536955211933403e-03
1.570536955211933403e-03
1.570536955211933403e-03
4.340602469458892942e-02
4.630479611230031711e-03
4.630479611230031711e-03
4.630479611230031711e-03
4.630479611230031711e-03
0.000000000000000000e+00
1.612762516758781389e-03
1.612762516758781389e-03
1.612762516758781389e-03
1.612762516758781389e-03
1.612762516758781389e-03
1.612762516758781389e-03
1.612762516758781389e-03
1.612762516758781389e-03
5.672347552497992995e-03
1.707692178769491462e-02
1.707692178769491462e-02
1.707692178769491462e-02
1.707692178769491462e-02
2.448572137779425617e-02
8.355148190786771539e-03
1.162501108026898523e-02
1.246624636976708701e-02
1.246624636976708701e-02
1.246624636976708701e-02
1.246624636976708701e-02
1.246624636976708701e-02
1.246624636976708701e-02
6.872064574164344318e-03
8.952537698952187789e-03
8.952537698952187789e-03
1.244873638887743564e-02
1.244873638887743564e-02
1.244873638887743564e-02
1.244873638887743564e-02
1.244873638887743564e-02
1.244873638887743564e-02
1.244873638887743564e-02
1.244873638887743564e-02
1.311486050334648504e-02
5.672347552497992995e-03
5.672347552497992995e-03
5.672347552497992995e-03
8.703065598575251277e-03
1.187904431414870537e-02
7.908507977958041321e-03
1.187904431414870537e-02
1.187904431414870537e-02
1.556638984664428065e-02
7.721359553376893475e-03
7.721359553376893475e-03
7.721359553376893475e-03
7.721359553376893475e-03
0.000000000000000000e+00
2.224568257112731484e-02
6.747380328788246499e-03
6.747380328788246499e-03
6.747380328788246499e-03
6.747380328788246499e-03
6.747380328788246499e-03
6.747380328788246499e-03
6.747380328788246499e-03
6.747380328788246499e-03
6.747380328788246499e-03
6.747380328788246499e-03
6.844853931569495724e-03
2.541359310140714825e-02
2.541359310140714825e-02
4.729180315831191944e-02
2.541359310140714825e-02
6.872064574164344318e-03
6.667495208957416319e-03
6.667495208957416319e-03
6.667495208957416319e-03
6.667495208957416319e-03
7.057065511683138954e-03
2.672968918282719875e-02
2.672968918282719875e-02
5.255140164566584476e-04
5.255140164566584476e-04
5.255140164566584476e-04
5.255140164566584476e-04
5.255140164566584476e-04
5.255140164566584476e-04
0.000000000000000000e+00
3.980707829342344795e-03
3.980707829342344795e-03
3.980707829342344795e-03
3.980707829342344795e-03
3.980707829342344795e-03
3.980707829342344795e-03
3.980707829342344795e-03
3.980707829342344795e-03
2.590719970729564014e-03
2.590719970729564014e-03
2.590719970729564014e-03
2.590719970729564014e-03
7.517054458821689419e-03
3.365818690632615788e-03
3.365818690632615788e-03
3.365818690632615788e-03
3.365818690632615788e-03
3.365818690632615788e-03
3.365818690632615788e-03
1.459073745909661782e-02
7.366722292607971734e-03
7.366722292607971734e-03
7.057065511683138954e-03
7.057065511683138954e-03
7.057065511683138954e-03
3.224472932131588424e-03
2.592434785770508354e-03
2.592434785770508354e-03
1.162501108026898523e-02
5.473975486558196359e-03
5.473975486558196359e-03
1.653310557379721393e-02
1.781708621652259780e-02
1.781708621652259780e-02
1.556638984664428065e-02
1.556638984664428065e-02
1.556638984664428065e-02
1.556638984664428065e-02
1.556638984664428065e-02
1.556638984664428065e-02
0.000000000000000000e+00
0.000000000000000000e+00
0.000000000000000000e+00
5.680070942544238576e-04
5.680070942544238576e-04
5.680070942544238576e-04
5.680070942544238576e-04
5.680070942544238576e-04
5.680070942544238576e-04
2.611176598992582740e-03
0.000000000000000000e+00
0.000000000000000000e+00
0.000000000000000000e+00
0.000000000000000000e+00
0.000000000000000000e+00
0.000000000000000000e+00
1.103103850333919667e-02
4.409106001711242569e-03
4.409106001711242569e-03
4.409106001711242569e-03
4.409106001711242569e-03
4.409106001711242569e-03
4.409106001711242569e-03
4.409106001711242569e-03
4.409106001711242569e-03
4.409106001711242569e-03
4.409106001711242569e-03
4.409106001711242569e-03
4.409106001711242569e-03
0.000000000000000000e+00
0.000000000000000000e+00
0.000000000000000000e+00
1.693611279506905890e-02
5.825254061033307076e-03
5.825254061033307076e-03
5.825254061033307076e-03
5.825254061033307076e-03
0.000000000000000000e+00
0.000000000000000000e+00
0.000000000000000000e+00
2.730486021852972234e-02
2.730486021852972234e-02
2.730486021852972234e-02
1.978451247277915326e-02
2.730486021852972234e-02
2.730486021852972234e-02
7.517054458821689419e-03
7.517054458821689419e-03
7.517054458821689419e-03
7.517054458821689419e-03
1.828635886578751368e-02
1.638452739682357343e-02
1.638452739682357343e-02
1.638452739682357343e-02
1.638452739682357343e-02
1.302356073614174131e-02
1.302356073614174131e-02
1.302356073614174131e-02
1.302356073614174131e-02
5.750135935496562128e-03
3.718544508840067580e-03
3.718544508840067580e-03
3.718544508840067580e-03
3.718544508840067580e-03
1.978451247277915326e-02
1.061708124017916692e-02
1.061708124017916692e-02
1.061708124017916692e-02
1.061708124017916692e-02
4.729180315831191944e-02
4.990810567075847082e-02
4.990810567075847082e-02
4.990810567075847082e-02
4.990810567075847082e-02
3.999294806563267329e-02
1.702755364874229335e-02
1.702755364874229335e-02
1.702755364874229335e-02
1.702755364874229335e-02
1.702755364874229335e-02
1.702755364874229335e-02
6.991562367456100914e-03
3.224472932131588424e-03
3.224472932131588424e-03
3.224472932131588424e-03
1.387946747120823859e-02
1.571680176219122926e-02
1.571680176219122926e-02
1.077124393203887816e-02
1.077124393203887816e-02
1.077124393203887816e-02
1.077124393203887816e-02
1.077124393203887816e-02
1.077124393203887816e-02
0.000000000000000000e+00
0.000000000000000000e+00
0.000000000000000000e+00
2.448572137779425617e-02
2.448572137779425617e-02
1.459073745909661782e-02
1.459073745909661782e-02
1.459073745909661782e-02
2.576804582625730894e-02
2.576804582625730894e-02
2.576804582625730894e-02
2.576804582625730894e-02
2.576804582625730894e-02
2.576804582625730894e-02
2.576804582625730894e-02
2.576804582625730894e-02
2.576804582625730894e-02
2.576804582625730894e-02
2.576804582625730894e-02
2.323248980348371039e-03
4.119315767037120038e-04
4.119315767037120038e-04
4.119315767037120038e-04
4.119315767037120038e-04
4.119315767037120038e-04
4.119315767037120038e-04
4.119315767037120038e-04
4.119315767037120038e-04
4.119315767037120038e-04
4.119315767037120038e-04
1.069120343892115792e-02
1.387946747120823859e-02
1.387946747120823859e-02
1.387946747120823859e-02
5.133914187746646193e-03
1.387946747120823859e-02
5.133914187746646193e-03
1.069120343892115792e-02
2.430904424693199409e-02
1.030721978291450347e-02
1.030721978291450347e-02
5.750135935496562128e-03
5.750135935496562128e-03
5.750135935496562128e-03
5.750135935496562128e-03
5.750135935496562128e-03
5.750135935496562128e-03
1.308104640533880141e-02
9.738840680305250628e-04
9.738840680305250628e-04
9.738840680305250628e-04
9.738840680305250628e-04
9.738840680305250628e-04
9.738840680305250628e-04
9.738840680305250628e-04
1.828635886578751368e-02
9.830022000906107546e-03
9.830022000906107546e-03
9.830022000906107546e-03
9.830022000906107546e-03
2.224568257112731484e-02
2.224568257112731484e-02
6.872064574164344318e-03
6.872064574164344318e-03
6.872064574164344318e-03
0.000000000000000000e+00
0.000000000000000000e+00
0.000000000000000000e+00
0.000000000000000000e+00
0.000000000000000000e+00
0.000000000000000000e+00
0.000000000000000000e+00
0.000000000000000000e+00
0.000000000000000000e+00
0.000000000000000000e+00
0.000000000000000000e+00
0.000000000000000000e+00
2.598043826243729218e-02
2.598043826243729218e-02
2.598043826243729218e-02
2.598043826243729218e-02
5.638192489948476958e-03
1.308104640533880141e-02
0.000000000000000000e+00
1.411309845793387065e-02
1.411309845793387065e-02
1.411309845793387065e-02
1.411309845793387065e-02
1.411309845793387065e-02
1.411309845793387065e-02
1.411309845793387065e-02
1.411309845793387065e-02
0.000000000000000000e+00
0.000000000000000000e+00
0.000000000000000000e+00
0.000000000000000000e+00
0.000000000000000000e+00
0.000000000000000000e+00
0.000000000000000000e+00
1.897044353770648353e-02
3.516062200137196059e-02
3.516062200137196059e-02
3.516062200137196059e-02
3.516062200137196059e-02
3.516062200137196059e-02
3.516062200137196059e-02
1.056391588351541155e-03
8.798364792747591021e-03
8.798364792747591021e-03
8.798364792747591021e-03
8.798364792747591021e-03
4.340602469458892942e-02
2.455213051593356163e-02
2.455213051593356163e-02
2.741395538763660364e-02
2.480376315705285981e-02
2.480376315705285981e-02
5.638192489948476958e-03
5.638192489948476958e-03
5.638192489948476958e-03
5.638192489948476958e-03
2.323248980348371039e-03
2.323248980348371039e-03
2.460612693448738231e-02
1.993560840408179977e-02
1.993560840408179977e-02
1.993560840408179977e-02
1.993560840408179977e-02
1.993560840408179977e-02
1.993560840408179977e-02
3.825170290273709195e-02
3.825170290273709195e-02
3.825170290273709195e-02
0.000000000000000000e+00
0.000000000000000000e+00
1.828635886578751368e-02
0.000000000000000000e+00
0.000000000000000000e+00
0.000000000000000000e+00
2.779873913655481546e-03
1.372443816322777184e-02
1.372443816322777184e-02
0.000000000000000000e+00
0.000000000000000000e+00
0.000000000000000000e+00
0.000000000000000000e+00
0.000000000000000000e+00
1.653310557379721393e-02
0.000000000000000000e+00
7.412461315395965818e-03
4.367115044118331790e-03
7.412461315395965818e-03
7.412461315395965818e-03
7.412461315395965818e-03
7.412461315395965818e-03
7.412461315395965818e-03
7.412461315395965818e-03
7.412461315395965818e-03
4.367115044118331790e-03
2.615805735639049542e-02
2.615805735639049542e-02
5.133914187746646193e-03
5.133914187746646193e-03
1.162501108026898523e-02
1.564802263535962010e-02
2.430904424693199409e-02
2.430904424693199409e-02
2.430904424693199409e-02
2.611176598992582740e-03
2.611176598992582740e-03
2.611176598992582740e-03
2.611176598992582740e-03
2.611176598992582740e-03
2.611176598992582740e-03
1.311486050334648504e-02
1.311486050334648504e-02
5.054319066756746658e-03
5.054319066756746658e-03
7.144086935286658897e-03
6.991562367456100914e-03
6.991562367456100914e-03
6.991562367456100914e-03
2.249158675859160711e-02
4.340602469458892942e-02
4.340602469458892942e-02
4.340602469458892942e-02
0.000000000000000000e+00
0.000000000000000000e+00
0.000000000000000000e+00
0.000000000000000000e+00
0.000000000000000000e+00
0.000000000000000000e+00
0.000000000000000000e+00
0.000000000000000000e+00
0.000000000000000000e+00
0.000000000000000000e+00
0.000000000000000000e+00
0.000000000000000000e+00
0.000000000000000000e+00
0.000000000000000000e+00
0.000000000000000000e+00
0.000000000000000000e+00
3.235249853400521541e-02
1.302971384625571660e-02
1.302971384625571660e-02
2.733694541464722419e-02
2.733694541464722419e-02
2.733694541464722419e-02
2.733694541464722419e-02
2.733694541464722419e-02
2.733694541464722419e-02
2.733694541464722419e-02
2.733694541464722419e-02
2.733694541464722419e-02
2.733694541464722419e-02
2.733694541464722419e-02
2.733694541464722419e-02
2.733694541464722419e-02
3.235249853400521541e-02
3.235249853400521541e-02
3.235249853400521541e-02
3.235249853400521541e-02
3.235249853400521541e-02
3.235249853400521541e-02
3.235249853400521541e-02
3.235249853400521541e-02
3.235249853400521541e-02
3.235249853400521541e-02
1.769747496435024672e-02
2.741395538763660364e-02
1.741753854241252786e-02
2.749256799545220925e-02
2.749256799545220925e-02
2.749256799545220925e-02
2.749256799545220925e-02
2.749256799545220925e-02
2.749256799545220925e-02
1.830712563929986700e-02
2.811204245106036035e-03
2.811204245106036035e-03
2.811204245106036035e-03
2.256250024270430379e-02
2.256250024270430379e-02
2.256250024270430379e-02
2.256250024270430379e-02
2.256250024270430379e-02
2.256250024270430379e-02
2.256250024270430379e-02
2.256250024270430379e-02
2.256250024270430379e-02
2.256250024270430379e-02
2.256250024270430379e-02
1.897044353770648353e-02
1.897044353770648353e-02
1.897044353770648353e-02
1.897044353770648353e-02
1.584670331431457455e-02
1.584670331431457455e-02
1.584670331431457455e-02
1.584670331431457455e-02
1.584670331431457455e-02
1.584670331431457455e-02
1.584670331431457455e-02
1.584670331431457455e-02
1.584670331431457455e-02
1.584670331431457455e-02
1.584670331431457455e-02
0.000000000000000000e+00
0.000000000000000000e+00
7.975736369518645480e-03
7.975736369518645480e-03
7.975736369518645480e-03
7.975736369518645480e-03
7.975736369518645480e-03
7.975736369518645480e-03
4.228741563293797294e-03
4.228741563293797294e-03
4.228741563293797294e-03
4.228741563293797294e-03
4.228741563293797294e-03
4.228741563293797294e-03
4.228741563293797294e-03
4.228741563293797294e-03
2.103424439351410727e-02
2.103424439351410727e-02
2.779873913655481546e-03
5.764673141534117431e-03
3.831426325674045646e-03
5.764673141534117431e-03
4.781516773533999961e-04
4.781516773533999961e-04
4.781516773533999961e-04
4.781516773533999961e-04
1.693611279506905890e-02
1.693611279506905890e-02
1.693611279506905890e-02
1.693611279506905890e-02
1.693611279506905890e-02
1.693611279506905890e-02
3.657277708594638965e-02
2.779873913655481546e-03
2.779873913655481546e-03
2.779873913655481546e-03
2.779873913655481546e-03
2.779873913655481546e-03
6.844853931569495724e-03
6.844853931569495724e-03
3.181239221945358995e-03
3.181239221945358995e-03
3.181239221945358995e-03
1.564802263535962010e-02
1.706994494622042155e-02
1.706994494622042155e-02
1.706994494622042155e-02
1.706994494622042155e-02
1.706994494622042155e-02
1.706994494622042155e-02
1.706994494622042155e-02
1.706994494622042155e-02
0.000000000000000000e+00
0.000000000000000000e+00
0.000000000000000000e+00
0.000000000000000000e+00
0.000000000000000000e+00
0.000000000000000000e+00
0.000000000000000000e+00
0.000000000000000000e+00
0.000000000000000000e+00
0.000000000000000000e+00
1.103103850333919667e-02
1.103103850333919667e-02
9.852342311965425758e-03
9.852342311965425758e-03
1.830712563929986700e-02
1.830712563929986700e-02
2.460612693448738231e-02
1.741753854241252786e-02
1.741753854241252786e-02
1.741753854241252786e-02
1.741753854241252786e-02
1.741753854241252786e-02
1.741753854241252786e-02
1.741753854241252786e-02
1.741753854241252786e-02
1.741753854241252786e-02
1.741753854241252786e-02
8.703065598575251277e-03
8.703065598575251277e-03
7.144086935286658897e-03
7.144086935286658897e-03
