1.892537556233334778e-02
2.558678391342547598e-02
1.892537556233334778e-02
1.892537556233334778e-02
1.892537556233334778e-02
1.892537556233334778e-02
1.892537556233334778e-02
1.892537556233334778e-02
1.892537556233334778e-02
1.892537556233334778e-02
1.892537556233334778e-02
1.892537556233334778e-02
1.892537556233334778e-02
1.892537556233334778e-02
1.892537556233334778e-02
2.558678391342547598e-02
5.947718703589800412e-03
6.962587389431780342e-03
6.962587389431780342e-03
6.962587389431780342e-03
6.962587389431780342e-03
9.444283661013189862e-03
3.260715891468825289e-02
3.260715891468825289e-02
4.303136485822484612e-03
1.185093602181147912e-02
1.185093602181147912e-02
8.269594212350893717e-03
3.553185398735925898e-02
3.553185398735925898e-02
2.718567348337370612e-02
6.949277594266210258e-03
6.949277594266210258e-03
2.718567348337370612e-02
1.882125094202590984e-02
1.882125094202590984e-02
1.882125094202590984e-02
1.882125094202590984e-02
1.882125094202590984e-02
1.882125094202590984e-02
6.206754524337642839e-03
6.206754524337642839e-03
6.206754524337642839e-03
6.206754524337642839e-03
6.206754524337642839e-03
6.206754524337642839e-03
6.206754524337642839e-03
6.206754524337642839e-03
6.206754524337642839e-03
6.206754524337642839e-03
6.206754524337642839e-03
2.718567348337370612e-02
2.718567348337370612e-02
2.718567348337370612e-02
5.942409012277324182e-03
5.947718703589800412e-03
5.942409012277324182e-03
5.942409012277324182e-03
5.942409012277324182e-03
5.942409012277324182e-03
5.942409012277324182e-03
1.883579027589574878e-02
1.883579027589574878e-02
1.883579027589574878e-02
1.883579027589574878e-02
1.883579027589574878e-02
1.883579027589574878e-02
1.883579027589574878e-02
2.629317951593412861e-02
1.883579027589574878e-02
1.883579027589574878e-02
1.883579027589574878e-02
1.883579027589574878e-02
1.883579027589574878e-02
2.629317951593412861e-02
6.919455651862382352e-03
6.919455651862382352e-03
6.919455651862382352e-03
6.919455651862382352e-03
6.919455651862382352e-03
6.919455651862382352e-03
6.919455651862382352e-03
6.919455651862382352e-03
6.919455651862382352e-03
6.919455651862382352e-03
6.919455651862382352e-03
1.076287827056260533e-02
1.076287827056260533e-02
1.076287827056260533e-02
1.076287827056260533e-02
1.076287827056260533e-02
1.076287827056260533e-02
1.076287827056260533e-02
1.076287827056260533e-02
1.076287827056260533e-02
1.076287827056260533e-02
1.076287827056260533e-02
2.185867158773419083e-02
1.028509482247812884e-02
1.028509482247812884e-02
1.028509482247812884e-02
1.028509482247812884e-02
1.028509482247812884e-02
1.028509482247812884e-02
1.028509482247812884e-02
1.028509482247812884e-02
1.028509482247812884e-02
1.028509482247812884e-02
1.028509482247812884e-02
1.028509482247812884e-02
1.028509482247812884e-02
1.028509482247812884e-02
1.028509482247812884e-02
1.028509482247812884e-02
1.028509482247812884e-02
1.028509482247812884e-02
8.301279588199457840e-03
1.805498111405393069e-02
1.805498111405393069e-02
1.805498111405393069e-02
1.805498111405393069e-02
1.805498111405393069e-02
1.805498111405393069e-02
1.805498111405393069e-02
1.805498111405393069e-02
8.183779404316726333e-03
8.183779404316726333e-03
8.183779404316726333e-03
8.183779404316726333e-03
8.183779404316726333e-03
8.183779404316726333e-03
8.183779404316726333e-03
8.183779404316726333e-03
8.183779404316726333e-03
8.183779404316726333e-03
8.183779404316726333e-03
8.183779404316726333e-03
8.183779404316726333e-03
8.183779404316726333e-03
8.183779404316726333e-03
4.349794578635966975e-03
4.349794578635966975e-03
4.349794578635966975e-03
4.349794578635966975e-03
4.349794578635966975e-03
4.349794578635966975e-03
4.349794578635966975e-03
4.349794578635966975e-03
4.349794578635966975e-03
4.349794578635966975e-03
4.349794578635966975e-03
4.349794578635966975e-03
4.349794578635966975e-03
4.349794578635966975e-03
4.349794578635966975e-03
1.001575723278312423e-04
1.001575723278312423e-04
1.001575723278312423e-04
1.001575723278312423e-04
1.001575723278312423e-04
1.577835734310079410e-02
1.001575723278312423e-04
1.828144598081606759e-02
1.001575723278312423e-04
1.001575723278312423e-04
1.001575723278312423e-04
1.001575723278312423e-04
1.001575723278312423e-04
9.444283661013189862e-03
9.444283661013189862e-03
9.444283661013189862e-03
9.444283661013189862e-03
9.444283661013189862e-03
9.444283661013189862e-03
9.444283661013189862e-03
9.444283661013189862e-03
0.000000000000000000e+00
3.618375538813672562e-03
3.618375538813672562e-03
3.618375538813672562e-03
3.618375538813672562e-03
3.618375538813672562e-03
3.618375538813672562e-03
6.988383069847966741e-03
1.643228888987000383e-02
1.643228888987000383e-02
8.772790096357393347e-03
1.742421071558968027e-02
1.742421071558968027e-02
1.742421071558968027e-02
1.742421071558968027e-02
1.742421071558968027e-02
1.742421071558968027e-02
5.980797378327023156e-05
1.521915802978931510e-02
1.521915802978931510e-02
1.521915802978931510e-02
1.521915802978931510e-02
1.521915802978931510e-02
1.521915802978931510e-02
1.521915802978931510e-02
1.521915802978931510e-02
1.521915802978931510e-02
1.521915802978931510e-02
6.988383069847966741e-03
9.153444786291773175e-03
9.153444786291773175e-03
9.153444786291773175e-03
9.153444786291773175e-03
9.153444786291773175e-03
9.153444786291773175e-03
9.153444786291773175e-03
9.153444786291773175e-03
9.153444786291773175e-03
9.153444786291773175e-03
5.980797378327023156e-05
5.980797378327023156e-05
7.502077088979720865e-02
1.668071736142172357e-02
1.668071736142172357e-02
1.668071736142172357e-02
1.668071736142172357e-02
0.000000000000000000e+00
0.000000000000000000e+00
0.000000000000000000e+00
0.000000000000000000e+00
0.000000000000000000e+00
0.000000000000000000e+00
4.776439887772008196e-03
7.108319867049172139e-03
7.108319867049172139e-03
1.828144598081606759e-02
7.502077088979720865e-02
7.502077088979720865e-02
7.502077088979720865e-02
7.502077088979720865e-02
7.502077088979720865e-02
7.502077088979720865e-02
7.502077088979720865e-02
7.502077088979720865e-02
4.776439887772008196e-03
4.776439887772008196e-03
4.776439887772008196e-03
4.776439887772008196e-03
4.776439887772008196e-03
4.776439887772008196e-03
4.776439887772008196e-03
4.776439887772008196e-03
4.776439887772008196e-03
4.776439887772008196e-03
4.776439887772008196e-03
4.776439887772008196e-03
8.301279588199457840e-03
8.301279588199457840e-03
1.577835734310079410e-02
2.831332752031916981e-03
2.831332752031916981e-03
2.831332752031916981e-03
5.175233155345945746e-03
2.831332752031916981e-03
3.431570300523126022e-03
8.575909040442770276e-03
8.575909040442770276e-03
8.575909040442770276e-03
8.575909040442770276e-03
8.575909040442770276e-03
8.575909040442770276e-03
1.126971797757661022e-02
2.803243055126907954e-02
2.803243055126907954e-02
2.803243055126907954e-02
2.803243055126907954e-02
2.803243055126907954e-02
2.803243055126907954e-02
8.772790096357393347e-03
8.772790096357393347e-03
8.772790096357393347e-03
8.772790096357393347e-03
1.455488688348445091e-03
1.545587522365929507e-02
1.545587522365929507e-02
1.545587522365929507e-02
1.545587522365929507e-02
1.545587522365929507e-02
1.545587522365929507e-02
5.175233155345945746e-03
5.175233155345945746e-03
5.175233155345945746e-03
5.175233155345945746e-03
5.175233155345945746e-03
3.431570300523126022e-03
4.348390760781675225e-03
4.348390760781675225e-03
1.871288427023257281e-03
1.744109282275628503e-02
1.744109282275628503e-02
1.744109282275628503e-02
1.744109282275628503e-02
1.744109282275628503e-02
1.744109282275628503e-02
1.744109282275628503e-02
1.744109282275628503e-02
6.988383069847966741e-03
6.988383069847966741e-03
6.988383069847966741e-03
5.977630103616410860e-03
5.977630103616410860e-03
5.977630103616410860e-03
5.977630103616410860e-03
5.977630103616410860e-03
5.977630103616410860e-03
5.977630103616410860e-03
5.977630103616410860e-03
5.977630103616410860e-03
5.977630103616410860e-03
5.977630103616410860e-03
2.611366614672909307e-03
8.848233950448947463e-03
1.648804177933738124e-02
1.505579911558264927e-02
1.648804177933738124e-02
8.848233950448947463e-03
1.871288427023257281e-03
2.687526689730396039e-03
2.687526689730396039e-03
1.455488688348445091e-03
1.455488688348445091e-03
1.455488688348445091e-03
1.455488688348445091e-03
8.269594212350893717e-03
8.269594212350893717e-03
4.303136485822484612e-03
8.269594212350893717e-03
1.391418766252877116e-02
1.540087538114820465e-02
1.540087538114820465e-02
4.000243376108714600e-04
1.540087538114820465e-02
1.540087538114820465e-02
1.540087538114820465e-02
2.611366614672909307e-03
2.611366614672909307e-03
3.431570300523126022e-03
2.242834717703294858e-02
2.620619153498063465e-03
2.620619153498063465e-03
1.871288427023257281e-03
1.871288427023257281e-03
1.871288427023257281e-03
1.505579911558264927e-02
1.413010267267214397e-02
1.413010267267214397e-02
1.391418766252877116e-02
1.917395661502790602e-03
1.917395661502790602e-03
1.917395661502790602e-03
1.917395661502790602e-03
1.917395661502790602e-03
1.917395661502790602e-03
8.217901742133444654e-03
2.409425521428006436e-03
2.409425521428006436e-03
2.409425521428006436e-03
2.409425521428006436e-03
2.409425521428006436e-03
2.409425521428006436e-03
2.242834717703294858e-02
1.211570268324135662e-02
1.211570268324135662e-02
2.394506847636885746e-02
1.303192717671814577e-02
1.303192717671814577e-02
1.126396247939726687e-03
2.023640411645418000e-03
2.023640411645418000e-03
2.023640411645418000e-03
2.023640411645418000e-03
2.023640411645418000e-03
2.023640411645418000e-03
2.023640411645418000e-03
2.023640411645418000e-03
2.023640411645418000e-03
2.023640411645418000e-03
2.580905489744742334e-02
1.586045188352738083e-02
1.586045188352738083e-02
1.586045188352738083e-02
1.586045188352738083e-02
2.580905489744742334e-02
2.580905489744742334e-02
1.391418766252877116e-02
2.242834717703294858e-02
2.242834717703294858e-02
2.242834717703294858e-02
2.242834717703294858e-02
2.242834717703294858e-02
2.242834717703294858e-02
2.242834717703294858e-02
1.357195099171832134e-02
1.116002335128169105e-02
1.116002335128169105e-02
1.116002335128169105e-02
1.116002335128169105e-02
1.116002335128169105e-02
1.116002335128169105e-02
1.116002335128169105e-02
1.116002335128169105e-02
2.185867158773419083e-02
2.185867158773419083e-02
4.000243376108714600e-04
1.357195099171832134e-02
1.357195099171832134e-02
1.357195099171832134e-02
1.357195099171832134e-02
1.357195099171832134e-02
1.193141527497290633e-02
1.357195099171832134e-02
1.357195099171832134e-02
1.357195099171832134e-02
1.357195099171832134e-02
1.193141527497290633e-02
1.126971797757661022e-02
1.165220303987324520e-02
1.165220303987324520e-02
8.217901742133444654e-03
8.217901742133444654e-03
8.217901742133444654e-03
8.217901742133444654e-03
1.126971797757661022e-02
1.126396247939726687e-03
1.126396247939726687e-03
