0.000000000000000000e+00
6.459018751976192650e-03
6.459018751976192650e-03
6.459018751976192650e-03
6.459018751976192650e-03
6.459018751976192650e-03
6.459018751976192650e-03
0.000000000000000000e+00
0.000000000000000000e+00
0.000000000000000000e+00
0.000000000000000000e+00
0.000000000000000000e+00
9.431721171574525969e-03
9.129690115768158282e-03
9.129690115768158282e-03
9.129690115768158282e-03
9.129690115768158282e-03
9.129690115768158282e-03
9.129690115768158282e-03
9.129690115768158282e-03
9.129690115768158282e-03
6.996727538195881418e-03
6.996727538195881418e-03
6.996727538195881418e-03
6.996727538195881418e-03
6.996727538195881418e-03
6.996727538195881418e-03
6.996727538195881418e-03
6.996727538195881418e-03
6.996727538195881418e-03
6.996727538195881418e-03
6.996727538195881418e-03
6.996727538195881418e-03
6.996727538195881418e-03
6.996727538195881418e-03
6.996727538195881418e-03
1.830512031972493167e-02
1.830512031972493167e-02
1.830512031972493167e-02
1.830512031972493167e-02
1.830512031972493167e-02
1.830512031972493167e-02
1.830512031972493167e-02
8.825699469111422668e-03
1.830512031972493167e-02
1.830512031972493167e-02
1.830512031972493167e-02
1.830512031972493167e-02
1.830512031972493167e-02
1.830512031972493167e-02
1.830512031972493167e-02
1.830512031972493167e-02
1.830512031972493167e-02
0.000000000000000000e+00
0.000000000000000000e+00
0.000000000000000000e+00
7.828383956172827937e-03
7.828383956172827937e-03
7.828383956172827937e-03
7.828383956172827937e-03
7.828383956172827937e-03
7.828383956172827937e-03
7.828383956172827937e-03
7.828383956172827937e-03
7.828383956172827937e-03
7.828383956172827937e-03
7.828383956172827937e-03
7.828383956172827937e-03
7.828383956172827937e-03
7.828383956172827937e-03
7.828383956172827937e-03
3.728499354715931243e-03
9.026484760328015375e-03
9.026484760328015375e-03
9.026484760328015375e-03
9.026484760328015375e-03
9.026484760328015375e-03
9.026484760328015375e-03
0.000000000000000000e+00
0.000000000000000000e+00
0.000000000000000000e+00
0.000000000000000000e+00
0.000000000000000000e+00
2.353712544288325340e-02
2.353712544288325340e-02
2.353712544288325340e-02
2.353712544288325340e-02
0.000000000000000000e+00
0.000000000000000000e+00
0.000000000000000000e+00
0.000000000000000000e+00
7.894350099252208514e-03
1.145538425852646487e-02
1.145538425852646487e-02
3.249906549415997048e-02
5.077613947921180704e-02
5.077613947921180704e-02
1.980558468390232474e-02
2.151310218101750230e-02
2.151310218101750230e-02
7.894350099252208514e-03
8.579785287227234547e-03
8.579785287227234547e-03
8.579785287227234547e-03
8.579785287227234547e-03
8.579785287227234547e-03
8.579785287227234547e-03
8.579785287227234547e-03
8.579785287227234547e-03
8.579785287227234547e-03
8.579785287227234547e-03
8.579785287227234547e-03
8.579785287227234547e-03
1.366524621051530552e-02
2.534432277575358883e-02
2.534432277575358883e-02
3.298556392948957111e-02
1.938941914340132008e-02
1.938941914340132008e-02
1.938941914340132008e-02
1.938941914340132008e-02
1.938941914340132008e-02
1.938941914340132008e-02
0.000000000000000000e+00
0.000000000000000000e+00
0.000000000000000000e+00
3.672763580224660748e-03
0.000000000000000000e+00
1.980558468390232474e-02
5.432050658415217212e-03
5.432050658415217212e-03
5.432050658415217212e-03
5.432050658415217212e-03
5.432050658415217212e-03
5.432050658415217212e-03
9.328611639950936535e-03
9.328611639950936535e-03
9.328611639950936535e-03
9.328611639950936535e-03
9.328611639950936535e-03
9.328611639950936535e-03
9.328611639950936535e-03
9.328611639950936535e-03
9.328611639950936535e-03
9.328611639950936535e-03
9.328611639950936535e-03
9.328611639950936535e-03
9.328611639950936535e-03
9.328611639950936535e-03
9.328611639950936535e-03
9.328611639950936535e-03
9.328611639950936535e-03
3.298556392948957111e-02
3.298556392948957111e-02
3.298556392948957111e-02
3.298556392948957111e-02
3.298556392948957111e-02
3.298556392948957111e-02
3.298556392948957111e-02
3.298556392948957111e-02
3.298556392948957111e-02
3.298556392948957111e-02
3.298556392948957111e-02
3.298556392948957111e-02
3.672763580224660748e-03
3.672763580224660748e-03
3.672763580224660748e-03
3.672763580224660748e-03
3.672763580224660748e-03
0.000000000000000000e+00
0.000000000000000000e+00
0.000000000000000000e+00
0.000000000000000000e+00
0.000000000000000000e+00
1.827687800603638654e-02
1.776239472887384055e-02
1.776239472887384055e-02
1.776239472887384055e-02
1.776239472887384055e-02
0.000000000000000000e+00
0.000000000000000000e+00
0.000000000000000000e+00
0.000000000000000000e+00
0.000000000000000000e+00
0.000000000000000000e+00
0.000000000000000000e+00
9.072625608389863622e-03
9.556261920709463453e-03
9.556261920709463453e-03
9.556261920709463453e-03
9.556261920709463453e-03
9.556261920709463453e-03
9.556261920709463453e-03
9.556261920709463453e-03
9.556261920709463453e-03
9.556261920709463453e-03
9.556261920709463453e-03
2.983437111216325020e-03
2.983437111216325020e-03
2.983437111216325020e-03
2.983437111216325020e-03
2.983437111216325020e-03
2.983437111216325020e-03
2.983437111216325020e-03
2.983437111216325020e-03
2.983437111216325020e-03
2.983437111216325020e-03
2.983437111216325020e-03
6.325501265907734066e-03
2.549087817659823410e-02
2.549087817659823410e-02
2.549087817659823410e-02
2.549087817659823410e-02
2.549087817659823410e-02
2.549087817659823410e-02
2.549087817659823410e-02
2.549087817659823410e-02
2.549087817659823410e-02
2.549087817659823410e-02
2.549087817659823410e-02
2.549087817659823410e-02
8.674730927289148316e-04
1.546232918791572803e-03
1.546232918791572803e-03
1.388612929325177409e-02
1.388612929325177409e-02
1.388612929325177409e-02
1.388612929325177409e-02
1.388612929325177409e-02
1.388612929325177409e-02
1.388612929325177409e-02
1.388612929325177409e-02
1.388612929325177409e-02
1.388612929325177409e-02
1.388612929325177409e-02
1.388612929325177409e-02
1.388612929325177409e-02
3.999946665540461167e-03
3.999946665540461167e-03
3.999946665540461167e-03
3.999946665540461167e-03
3.999946665540461167e-03
3.999946665540461167e-03
3.999946665540461167e-03
3.999946665540461167e-03
3.999946665540461167e-03
3.999946665540461167e-03
3.999946665540461167e-03
3.999946665540461167e-03
3.999946665540461167e-03
3.999946665540461167e-03
3.999946665540461167e-03
2.956417618056323814e-03
2.956417618056323814e-03
2.956417618056323814e-03
2.956417618056323814e-03
2.956417618056323814e-03
2.956417618056323814e-03
2.956417618056323814e-03
2.956417618056323814e-03
2.956417618056323814e-03
2.956417618056323814e-03
2.956417618056323814e-03
6.829789744638552207e-02
7.287833854574006683e-03
7.287833854574006683e-03
7.287833854574006683e-03
7.287833854574006683e-03
7.287833854574006683e-03
7.287833854574006683e-03
0.000000000000000000e+00
0.000000000000000000e+00
0.000000000000000000e+00
6.999032064005011010e-03
7.540365044314217488e-03
7.540365044314217488e-03
7.540365044314217488e-03
7.540365044314217488e-03
7.540365044314217488e-03
7.540365044314217488e-03
7.540365044314217488e-03
7.540365044314217488e-03
2.428433647938800510e-02
2.117152026724976321e-02
2.117152026724976321e-02
2.117152026724976321e-02
2.117152026724976321e-02
2.117152026724976321e-02
2.117152026724976321e-02
2.117152026724976321e-02
2.117152026724976321e-02
2.040102350606151985e-02
2.040102350606151985e-02
2.040102350606151985e-02
2.040102350606151985e-02
2.040102350606151985e-02
2.040102350606151985e-02
2.040102350606151985e-02
2.040102350606151985e-02
2.040102350606151985e-02
2.040102350606151985e-02
2.040102350606151985e-02
2.040102350606151985e-02
2.040102350606151985e-02
2.419982287733439714e-03
1.016302197526920128e-03
1.016302197526920128e-03
1.016302197526920128e-03
1.016302197526920128e-03
9.487040302199399588e-03
9.487040302199399588e-03
9.487040302199399588e-03
9.487040302199399588e-03
9.487040302199399588e-03
9.487040302199399588e-03
9.487040302199399588e-03
9.487040302199399588e-03
9.487040302199399588e-03
9.487040302199399588e-03
9.487040302199399588e-03
9.487040302199399588e-03
9.487040302199399588e-03
1.240249810637369769e-02
1.240249810637369769e-02
1.240249810637369769e-02
1.240249810637369769e-02
1.240249810637369769e-02
1.240249810637369769e-02
1.240249810637369769e-02
1.240249810637369769e-02
1.240249810637369769e-02
1.240249810637369769e-02
1.240249810637369769e-02
1.240249810637369769e-02
1.240249810637369769e-02
2.419982287733439714e-03
2.419982287733439714e-03
2.419982287733439714e-03
2.419982287733439714e-03
2.419982287733439714e-03
2.419982287733439714e-03
2.619112771687956420e-02
1.379528446558824731e-03
1.379528446558824731e-03
1.379528446558824731e-03
1.379528446558824731e-03
1.379528446558824731e-03
1.379528446558824731e-03
1.379528446558824731e-03
1.379528446558824731e-03
2.049690793871003849e-02
1.013882873414249176e-04
1.013882873414249176e-04
1.013882873414249176e-04
1.013882873414249176e-04
1.013882873414249176e-04
1.013882873414249176e-04
1.013882873414249176e-04
1.013882873414249176e-04
1.013882873414249176e-04
1.013882873414249176e-04
1.013882873414249176e-04
1.013882873414249176e-04
1.013882873414249176e-04
1.013882873414249176e-04
1.013882873414249176e-04
1.013882873414249176e-04
4.991039070506311792e-03
4.991039070506311792e-03
4.991039070506311792e-03
4.991039070506311792e-03
4.991039070506311792e-03
4.991039070506311792e-03
4.991039070506311792e-03
4.991039070506311792e-03
4.991039070506311792e-03
4.991039070506311792e-03
4.991039070506311792e-03
4.463949341708607632e-03
1.363646667567791453e-02
1.363646667567791453e-02
1.363646667567791453e-02
1.363646667567791453e-02
1.363646667567791453e-02
1.363646667567791453e-02
1.827687800603638654e-02
1.827687800603638654e-02
1.827687800603638654e-02
1.827687800603638654e-02
1.827687800603638654e-02
1.827687800603638654e-02
2.704775773151351509e-02
2.704775773151351509e-02
2.704775773151351509e-02
2.704775773151351509e-02
2.704775773151351509e-02
2.704775773151351509e-02
2.704775773151351509e-02
2.704775773151351509e-02
2.704775773151351509e-02
2.704775773151351509e-02
2.704775773151351509e-02
2.657460570347750742e-03
2.657460570347750742e-03
2.657460570347750742e-03
2.657460570347750742e-03
2.657460570347750742e-03
2.657460570347750742e-03
2.657460570347750742e-03
2.657460570347750742e-03
2.657460570347750742e-03
2.657460570347750742e-03
2.657460570347750742e-03
6.525690679868906621e-03
6.525690679868906621e-03
6.525690679868906621e-03
6.525690679868906621e-03
6.525690679868906621e-03
6.525690679868906621e-03
6.525690679868906621e-03
6.525690679868906621e-03
6.525690679868906621e-03
6.525690679868906621e-03
6.525690679868906621e-03
6.525690679868906621e-03
6.525690679868906621e-03
2.582620518442513627e-02
2.582620518442513627e-02
2.582620518442513627e-02
2.582620518442513627e-02
2.582620518442513627e-02
2.582620518442513627e-02
2.582620518442513627e-02
2.582620518442513627e-02
2.582620518442513627e-02
2.582620518442513627e-02
2.582620518442513627e-02
2.582620518442513627e-02
2.582620518442513627e-02
3.322521586237678348e-03
2.584721272100267558e-02
2.584721272100267558e-02
3.322521586237678348e-03
1.681424052836782632e-02
1.681424052836782632e-02
1.681424052836782632e-02
1.681424052836782632e-02
1.681424052836782632e-02
1.681424052836782632e-02
0.000000000000000000e+00
7.522244109827424911e-03
7.522244109827424911e-03
7.522244109827424911e-03
7.522244109827424911e-03
7.522244109827424911e-03
7.522244109827424911e-03
7.522244109827424911e-03
7.522244109827424911e-03
7.522244109827424911e-03
7.522244109827424911e-03
7.522244109827424911e-03
7.522244109827424911e-03
2.157284278462754876e-02
2.157284278462754876e-02
2.157284278462754876e-02
2.157284278462754876e-02
2.157284278462754876e-02
2.157284278462754876e-02
2.157284278462754876e-02
2.157284278462754876e-02
2.157284278462754876e-02
2.157284278462754876e-02
2.157284278462754876e-02
2.157284278462754876e-02
2.157284278462754876e-02
9.264908353299863841e-02
9.264908353299863841e-02
9.264908353299863841e-02
9.264908353299863841e-02
9.264908353299863841e-02
9.264908353299863841e-02
9.264908353299863841e-02
9.264908353299863841e-02
9.264908353299863841e-02
9.264908353299863841e-02
9.264908353299863841e-02
9.264908353299863841e-02
9.264908353299863841e-02
9.264908353299863841e-02
9.264908353299863841e-02
9.264908353299863841e-02
9.264908353299863841e-02
9.264908353299863841e-02
9.264908353299863841e-02
9.264908353299863841e-02
9.264908353299863841e-02
1.414717383158674291e-02
5.871114645468637934e-03
5.871114645468637934e-03
5.871114645468637934e-03
5.871114645468637934e-03
4.990863651519654963e-03
1.420939993749737243e-02
1.420939993749737243e-02
1.420939993749737243e-02
1.420939993749737243e-02
1.420939993749737243e-02
1.420939993749737243e-02
1.420939993749737243e-02
1.420939993749737243e-02
1.420939993749737243e-02
1.420939993749737243e-02
9.072625608389863622e-03
9.072625608389863622e-03
9.072625608389863622e-03
9.072625608389863622e-03
3.809830144978382932e-02
2.740797232128509495e-02
3.583028567439783957e-02
2.740797232128509495e-02
3.378032895316500361e-02
3.809830144978382932e-02
3.809830144978382932e-02
3.809830144978382932e-02
3.109527620187360619e-02
3.390433298954466206e-03
3.390433298954466206e-03
3.390433298954466206e-03
3.390433298954466206e-03
3.390433298954466206e-03
3.390433298954466206e-03
3.390433298954466206e-03
3.390433298954466206e-03
3.390433298954466206e-03
3.390433298954466206e-03
7.245331439781260707e-03
7.245331439781260707e-03
7.245331439781260707e-03
7.245331439781260707e-03
7.245331439781260707e-03
7.245331439781260707e-03
7.245331439781260707e-03
7.245331439781260707e-03
7.245331439781260707e-03
7.245331439781260707e-03
7.245331439781260707e-03
7.245331439781260707e-03
7.245331439781260707e-03
5.058499746643328049e-03
5.058499746643328049e-03
5.058499746643328049e-03
5.058499746643328049e-03
5.058499746643328049e-03
5.058499746643328049e-03
5.058499746643328049e-03
5.058499746643328049e-03
5.058499746643328049e-03
5.058499746643328049e-03
5.058499746643328049e-03
5.058499746643328049e-03
5.058499746643328049e-03
0.000000000000000000e+00
1.318959218028779162e-02
1.318959218028779162e-02
1.318959218028779162e-02
1.318959218028779162e-02
1.318959218028779162e-02
1.318959218028779162e-02
1.318959218028779162e-02
1.318959218028779162e-02
2.718885345294463560e-02
2.718885345294463560e-02
2.718885345294463560e-02
2.718885345294463560e-02
2.718885345294463560e-02
2.718885345294463560e-02
2.718885345294463560e-02
2.718885345294463560e-02
2.718885345294463560e-02
2.718885345294463560e-02
2.718885345294463560e-02
2.718885345294463560e-02
2.718885345294463560e-02
2.718885345294463560e-02
2.718885345294463560e-02
2.718885345294463560e-02
2.718885345294463560e-02
2.718885345294463560e-02
2.718885345294463560e-02
2.718885345294463560e-02
2.718885345294463560e-02
2.718885345294463560e-02
2.718885345294463560e-02
1.195082901925510928e-02
1.195082901925510928e-02
1.195082901925510928e-02
1.195082901925510928e-02
1.195082901925510928e-02
1.195082901925510928e-02
1.195082901925510928e-02
1.195082901925510928e-02
1.195082901925510928e-02
1.195082901925510928e-02
1.195082901925510928e-02
1.195082901925510928e-02
1.195082901925510928e-02
0.000000000000000000e+00
0.000000000000000000e+00
0.000000000000000000e+00
0.000000000000000000e+00
0.000000000000000000e+00
4.995391098273905400e-02
2.513915003343761972e-02
2.513915003343761972e-02
2.513915003343761972e-02
2.513915003343761972e-02
2.513915003343761972e-02
2.513915003343761972e-02
2.513915003343761972e-02
2.513915003343761972e-02
2.513915003343761972e-02
2.513915003343761972e-02
2.513915003343761972e-02
2.513915003343761972e-02
1.259318353091875772e-02
1.259318353091875772e-02
1.259318353091875772e-02
1.259318353091875772e-02
1.259318353091875772e-02
1.259318353091875772e-02
1.259318353091875772e-02
1.259318353091875772e-02
1.259318353091875772e-02
1.259318353091875772e-02
1.259318353091875772e-02
1.259318353091875772e-02
1.259318353091875772e-02
1.259318353091875772e-02
1.259318353091875772e-02
6.861671509540465119e-03
6.861671509540465119e-03
6.861671509540465119e-03
6.861671509540465119e-03
6.861671509540465119e-03
6.861671509540465119e-03
6.861671509540465119e-03
6.861671509540465119e-03
6.861671509540465119e-03
6.861671509540465119e-03
6.861671509540465119e-03
6.861671509540465119e-03
6.861671509540465119e-03
0.000000000000000000e+00
0.000000000000000000e+00
0.000000000000000000e+00
0.000000000000000000e+00
0.000000000000000000e+00
2.176203373837702799e-03
2.206488603077335145e-02
2.206488603077335145e-02
0.000000000000000000e+00
7.631542471444244594e-03
7.631542471444244594e-03
7.631542471444244594e-03
7.631542471444244594e-03
7.631542471444244594e-03
7.631542471444244594e-03
7.631542471444244594e-03
7.631542471444244594e-03
2.176203373837702799e-03
2.176203373837702799e-03
2.176203373837702799e-03
2.176203373837702799e-03
2.176203373837702799e-03
2.176203373837702799e-03
2.176203373837702799e-03
2.176203373837702799e-03
2.176203373837702799e-03
2.176203373837702799e-03
2.176203373837702799e-03
2.176203373837702799e-03
2.176203373837702799e-03
2.176203373837702799e-03
0.000000000000000000e+00
0.000000000000000000e+00
2.109630799594763850e-02
2.234225825850345414e-03
2.234225825850345414e-03
0.000000000000000000e+00
2.365157117797438494e-02
2.365157117797438494e-02
2.365157117797438494e-02
2.365157117797438494e-02
2.365157117797438494e-02
2.365157117797438494e-02
2.365157117797438494e-02
2.365157117797438494e-02
2.365157117797438494e-02
2.365157117797438494e-02
2.365157117797438494e-02
2.365157117797438494e-02
2.365157117797438494e-02
2.365157117797438494e-02
0.000000000000000000e+00
0.000000000000000000e+00
0.000000000000000000e+00
0.000000000000000000e+00
0.000000000000000000e+00
0.000000000000000000e+00
3.109527620187360619e-02
3.109527620187360619e-02
0.000000000000000000e+00
2.109630799594763850e-02
2.109630799594763850e-02
2.109630799594763850e-02
9.090943877178757349e-03
5.013205934510588796e-02
5.013205934510588796e-02
5.013205934510588796e-02
5.013205934510588796e-02
5.013205934510588796e-02
5.013205934510588796e-02
5.013205934510588796e-02
5.013205934510588796e-02
5.013205934510588796e-02
5.013205934510588796e-02
0.000000000000000000e+00
0.000000000000000000e+00
0.000000000000000000e+00
0.000000000000000000e+00
1.731147896679907303e-02
8.765785270140911273e-03
8.765785270140911273e-03
1.221184367160537028e-02
0.000000000000000000e+00
0.000000000000000000e+00
0.000000000000000000e+00
0.000000000000000000e+00
9.228223539590001395e-04
1.978268924385479226e-03
1.978268924385479226e-03
1.240891588335863230e-02
1.240891588335863230e-02
1.240891588335863230e-02
1.240891588335863230e-02
1.240891588335863230e-02
1.240891588335863230e-02
1.240891588335863230e-02
1.240891588335863230e-02
1.240891588335863230e-02
1.240891588335863230e-02
1.240891588335863230e-02
1.240891588335863230e-02
1.240891588335863230e-02
1.240891588335863230e-02
1.240891588335863230e-02
3.110272583728051436e-03
5.005121276010749375e-04
5.005121276010749375e-04
5.005121276010749375e-04
5.005121276010749375e-04
5.005121276010749375e-04
5.005121276010749375e-04
5.005121276010749375e-04
5.005121276010749375e-04
5.005121276010749375e-04
5.005121276010749375e-04
5.005121276010749375e-04
5.005121276010749375e-04
1.221184367160537028e-02
1.221184367160537028e-02
1.221184367160537028e-02
1.221184367160537028e-02
1.221184367160537028e-02
1.221184367160537028e-02
1.221184367160537028e-02
1.221184367160537028e-02
1.221184367160537028e-02
1.221184367160537028e-02
1.279543331811387394e-02
2.665806896460756401e-02
2.665806896460756401e-02
9.228223539590001395e-04
2.179365652547056702e-03
2.179365652547056702e-03
2.179365652547056702e-03
2.179365652547056702e-03
1.279543331811387394e-02
1.279543331811387394e-02
1.279543331811387394e-02
1.279543331811387394e-02
1.279543331811387394e-02
1.279543331811387394e-02
1.279543331811387394e-02
1.279543331811387394e-02
1.336410264979016535e-02
1.010670219683835504e-02
1.010670219683835504e-02
1.242398872159510871e-02
1.010670219683835504e-02
1.911859856446300292e-03
2.346457745929530353e-02
2.346457745929530353e-02
2.346457745929530353e-02
2.346457745929530353e-02
2.346457745929530353e-02
2.346457745929530353e-02
1.242398872159510871e-02
8.900374204676464104e-03
1.242398872159510871e-02
4.459558176416953713e-03
5.106676613878759121e-04
5.106676613878759121e-04
1.813291855173962061e-02
6.108227590629135804e-03
6.108227590629135804e-03
6.108227590629135804e-03
6.108227590629135804e-03
3.137694306251023052e-02
3.137694306251023052e-02
3.137694306251023052e-02
3.137694306251023052e-02
3.137694306251023052e-02
3.137694306251023052e-02
3.137694306251023052e-02
3.137694306251023052e-02
3.137694306251023052e-02
3.137694306251023052e-02
3.137694306251023052e-02
1.336410264979016535e-02
1.336410264979016535e-02
4.459558176416953713e-03
4.459558176416953713e-03
4.459558176416953713e-03
4.459558176416953713e-03
4.459558176416953713e-03
4.459558176416953713e-03
4.459558176416953713e-03
4.459558176416953713e-03
1.813291855173962061e-02
1.813291855173962061e-02
1.813291855173962061e-02
1.813291855173962061e-02
1.813291855173962061e-02
1.813291855173962061e-02
8.900374204676464104e-03
1.017891977727486928e-02
3.378382398444086665e-02
3.378382398444086665e-02
3.378382398444086665e-02
3.378382398444086665e-02
3.378382398444086665e-02
3.378382398444086665e-02
3.378382398444086665e-02
3.378382398444086665e-02
1.388864348954726297e-02
2.521372639306919405e-02
2.521372639306919405e-02
2.521372639306919405e-02
2.521372639306919405e-02
3.929733455396234969e-03
0.000000000000000000e+00
0.000000000000000000e+00
0.000000000000000000e+00
0.000000000000000000e+00
0.000000000000000000e+00
0.000000000000000000e+00
0.000000000000000000e+00
0.000000000000000000e+00
0.000000000000000000e+00
0.000000000000000000e+00
0.000000000000000000e+00
0.000000000000000000e+00
2.941028970647801329e-03
3.110272583728051436e-03
2.614018764036164094e-02
1.005287345586783863e-02
1.005287345586783863e-02
1.005287345586783863e-02
1.005287345586783863e-02
1.005287345586783863e-02
1.005287345586783863e-02
1.005287345586783863e-02
1.005287345586783863e-02
1.005287345586783863e-02
1.005287345586783863e-02
1.005287345586783863e-02
1.005287345586783863e-02
1.005287345586783863e-02
1.005287345586783863e-02
1.005287345586783863e-02
1.005287345586783863e-02
4.990863651519654963e-03
4.990863651519654963e-03
3.385256908085097771e-02
2.699838377588481553e-02
2.699838377588481553e-02
1.388864348954726297e-02
1.896887486419603433e-02
1.896887486419603433e-02
3.385256908085097771e-02
3.385256908085097771e-02
3.385256908085097771e-02
3.385256908085097771e-02
3.385256908085097771e-02
3.385256908085097771e-02
3.385256908085097771e-02
3.385256908085097771e-02
3.385256908085097771e-02
3.385256908085097771e-02
8.197816913809108375e-03
1.089430599694331259e-02
1.089430599694331259e-02
1.089430599694331259e-02
1.089430599694331259e-02
0.000000000000000000e+00
0.000000000000000000e+00
0.000000000000000000e+00
0.000000000000000000e+00
0.000000000000000000e+00
0.000000000000000000e+00
0.000000000000000000e+00
3.724797338829221455e-02
1.405063497573747410e-03
1.405063497573747410e-03
1.405063497573747410e-03
1.405063497573747410e-03
1.405063497573747410e-03
1.405063497573747410e-03
1.405063497573747410e-03
1.405063497573747410e-03
1.309148712281423509e-02
3.171600006417671196e-03
3.171600006417671196e-03
3.171600006417671196e-03
3.171600006417671196e-03
3.171600006417671196e-03
3.171600006417671196e-03
3.171600006417671196e-03
3.171600006417671196e-03
3.171600006417671196e-03
3.171600006417671196e-03
5.329394237286011471e-02
1.164827964834018285e-02
1.164827964834018285e-02
1.164827964834018285e-02
1.164827964834018285e-02
1.164827964834018285e-02
1.164827964834018285e-02
1.164827964834018285e-02
1.164827964834018285e-02
3.454042370683899858e-03
6.791826794419916075e-03
6.791826794419916075e-03
6.791826794419916075e-03
6.791826794419916075e-03
7.315526724872590050e-03
2.173590215831349304e-03
2.173590215831349304e-03
2.173590215831349304e-03
2.173590215831349304e-03
2.173590215831349304e-03
2.173590215831349304e-03
1.697980796917042401e-02
1.576277004775247792e-02
1.576277004775247792e-02
1.576277004775247792e-02
1.576277004775247792e-02
1.576277004775247792e-02
1.576277004775247792e-02
5.295582775825227045e-03
1.176563113137141410e-02
1.176563113137141410e-02
1.176563113137141410e-02
1.176563113137141410e-02
5.523007971991530799e-04
3.891260245841036882e-03
3.891260245841036882e-03
3.891260245841036882e-03
3.891260245841036882e-03
1.406129939759427280e-02
9.787153110429472683e-03
9.787153110429472683e-03
9.787153110429472683e-03
9.787153110429472683e-03
5.850435238450080178e-03
1.143511491600292772e-02
1.143511491600292772e-02
1.143511491600292772e-02
1.143511491600292772e-02
1.143511491600292772e-02
1.143511491600292772e-02
1.143511491600292772e-02
1.143511491600292772e-02
0.000000000000000000e+00
0.000000000000000000e+00
0.000000000000000000e+00
0.000000000000000000e+00
0.000000000000000000e+00
0.000000000000000000e+00
8.156888380473067274e-03
8.156888380473067274e-03
8.156888380473067274e-03
8.156888380473067274e-03
8.156888380473067274e-03
8.156888380473067274e-03
8.156888380473067274e-03
8.156888380473067274e-03
8.156888380473067274e-03
8.156888380473067274e-03
8.156888380473067274e-03
5.477587153846213280e-02
3.724797338829221455e-02
3.724797338829221455e-02
3.724797338829221455e-02
5.295582775825227045e-03
8.249079275054542817e-03
8.249079275054542817e-03
1.842048589153794103e-03
8.109289677322854481e-03
8.109289677322854481e-03
1.524960463234591428e-03
1.569560794588914857e-02
1.569560794588914857e-02
1.569560794588914857e-02
1.569560794588914857e-02
1.569560794588914857e-02
1.569560794588914857e-02
1.569560794588914857e-02
1.569560794588914857e-02
1.569560794588914857e-02
1.569560794588914857e-02
1.569560794588914857e-02
1.569560794588914857e-02
7.061055836553084726e-03
7.061055836553084726e-03
7.061055836553084726e-03
7.061055836553084726e-03
7.061055836553084726e-03
7.061055836553084726e-03
7.061055836553084726e-03
9.486473386655121590e-03
7.061055836553084726e-03
7.061055836553084726e-03
7.061055836553084726e-03
2.307151489540253814e-02
0.000000000000000000e+00
9.690054472888331386e-04
9.690054472888331386e-04
9.690054472888331386e-04
9.690054472888331386e-04
9.690054472888331386e-04
9.690054472888331386e-04
9.690054472888331386e-04
9.690054472888331386e-04
9.690054472888331386e-04
9.690054472888331386e-04
9.690054472888331386e-04
2.309294629558673786e-03
2.309294629558673786e-03
2.309294629558673786e-03
2.309294629558673786e-03
2.309294629558673786e-03
2.309294629558673786e-03
2.309294629558673786e-03
2.309294629558673786e-03
2.309294629558673786e-03
2.309294629558673786e-03
2.309294629558673786e-03
2.309294629558673786e-03
2.309294629558673786e-03
0.000000000000000000e+00
0.000000000000000000e+00
0.000000000000000000e+00
1.815284020533389914e-02
7.179738997961817963e-03
7.179738997961817963e-03
6.494923212322418864e-03
1.734249749711505757e-03
1.734249749711505757e-03
1.734249749711505757e-03
1.734249749711505757e-03
1.734249749711505757e-03
1.734249749711505757e-03
1.545567018439524855e-02
2.307151489540253814e-02
2.307151489540253814e-02
2.307151489540253814e-02
2.307151489540253814e-02
2.307151489540253814e-02
2.307151489540253814e-02
2.307151489540253814e-02
2.307151489540253814e-02
2.307151489540253814e-02
2.307151489540253814e-02
2.307151489540253814e-02
0.000000000000000000e+00
1.923202983384835613e-02
1.923202983384835613e-02
1.923202983384835613e-02
1.923202983384835613e-02
1.433425604186092106e-02
1.923202983384835613e-02
0.000000000000000000e+00
1.923202983384835613e-02
2.277075368417154789e-03
3.678495041503142444e-03
3.678495041503142444e-03
3.678495041503142444e-03
3.678495041503142444e-03
3.678495041503142444e-03
3.678495041503142444e-03
8.405760042468691726e-03
1.797102747048319330e-03
1.797102747048319330e-03
1.559798014732658410e-02
2.171202913462122117e-02
2.171202913462122117e-02
2.171202913462122117e-02
2.171202913462122117e-02
2.622553131794172487e-03
1.504113231268217402e-02
1.504113231268217402e-02
1.504113231268217402e-02
1.504113231268217402e-02
1.504113231268217402e-02
1.504113231268217402e-02
6.859833003539763177e-03
5.523007971991530799e-04
5.523007971991530799e-04
5.523007971991530799e-04
2.507003834718632418e-02
2.039518000330600711e-02
2.039518000330600711e-02
2.039518000330600711e-02
2.039518000330600711e-02
2.039518000330600711e-02
2.039518000330600711e-02
2.039518000330600711e-02
2.039518000330600711e-02
0.000000000000000000e+00
3.060481918615906918e-02
3.060481918615906918e-02
3.060481918615906918e-02
3.060481918615906918e-02
3.060481918615906918e-02
3.060481918615906918e-02
1.967622147416326836e-02
4.109264134446856918e-03
4.109264134446856918e-03
4.109264134446856918e-03
4.109264134446856918e-03
4.109264134446856918e-03
4.109264134446856918e-03
4.109264134446856918e-03
4.109264134446856918e-03
7.444238467402721285e-03
1.016939429111238594e-02
1.016939429111238594e-02
1.016939429111238594e-02
1.016939429111238594e-02
1.016939429111238594e-02
1.016939429111238594e-02
1.016939429111238594e-02
1.016939429111238594e-02
1.016939429111238594e-02
1.016939429111238594e-02
1.697980796917042401e-02
1.697980796917042401e-02
1.697980796917042401e-02
1.697980796917042401e-02
1.697980796917042401e-02
1.697980796917042401e-02
7.584570116238736198e-03
4.935510176608845327e-03
4.935510176608845327e-03
4.935510176608845327e-03
4.935510176608845327e-03
4.935510176608845327e-03
4.935510176608845327e-03
2.207538255431937269e-02
1.338833991727336747e-02
1.338833991727336747e-02
1.338833991727336747e-02
1.338833991727336747e-02
1.338833991727336747e-02
1.338833991727336747e-02
0.000000000000000000e+00
0.000000000000000000e+00
0.000000000000000000e+00
0.000000000000000000e+00
0.000000000000000000e+00
0.000000000000000000e+00
0.000000000000000000e+00
0.000000000000000000e+00
0.000000000000000000e+00
2.327661170514823061e-02
3.299993414972165334e-02
3.299993414972165334e-02
3.299993414972165334e-02
3.299993414972165334e-02
3.299993414972165334e-02
3.299993414972165334e-02
3.299993414972165334e-02
3.299993414972165334e-02
6.999032064005011010e-03
6.999032064005011010e-03
5.100006495709052609e-03
1.563254709531172390e-02
1.563254709531172390e-02
0.000000000000000000e+00
1.815284020533389914e-02
1.815284020533389914e-02
1.815284020533389914e-02
1.762424502738822382e-02
1.695867857674748097e-02
1.695867857674748097e-02
4.463949341708607632e-03
4.463949341708607632e-03
4.463949341708607632e-03
4.463949341708607632e-03
4.463949341708607632e-03
4.463949341708607632e-03
2.207538255431937269e-02
2.207538255431937269e-02
2.207538255431937269e-02
2.207538255431937269e-02
2.207538255431937269e-02
2.207538255431937269e-02
1.059444695300628715e-02
1.596878285241004267e-02
1.596878285241004267e-02
1.245078794991356409e-02
1.245078794991356409e-02
1.245078794991356409e-02
1.245078794991356409e-02
1.245078794991356409e-02
1.245078794991356409e-02
1.245078794991356409e-02
1.245078794991356409e-02
1.245078794991356409e-02
1.245078794991356409e-02
1.245078794991356409e-02
1.245078794991356409e-02
1.245078794991356409e-02
7.894350099252208514e-03
7.894350099252208514e-03
7.894350099252208514e-03
5.500941004359194940e-03
5.500941004359194940e-03
5.500941004359194940e-03
5.500941004359194940e-03
5.500941004359194940e-03
5.500941004359194940e-03
5.500941004359194940e-03
5.500941004359194940e-03
5.500941004359194940e-03
5.500941004359194940e-03
5.500941004359194940e-03
2.695827138677412207e-02
2.695827138677412207e-02
2.695827138677412207e-02
2.695827138677412207e-02
2.695827138677412207e-02
2.695827138677412207e-02
2.695827138677412207e-02
2.695827138677412207e-02
2.695827138677412207e-02
2.695827138677412207e-02
2.695827138677412207e-02
3.303015015322674844e-03
4.308381027925778893e-03
4.308381027925778893e-03
2.585969017821670643e-02
1.799667565671934921e-02
1.799667565671934921e-02
3.844011078888525529e-02
2.007550345252401280e-02
2.007550345252401280e-02
2.007550345252401280e-02
2.007550345252401280e-02
2.007550345252401280e-02
2.007550345252401280e-02
2.007550345252401280e-02
2.007550345252401280e-02
2.007550345252401280e-02
2.007550345252401280e-02
5.504361379969533591e-02
0.000000000000000000e+00
0.000000000000000000e+00
3.834169949454923655e-03
2.404673335353423036e-02
2.404673335353423036e-02
0.000000000000000000e+00
0.000000000000000000e+00
0.000000000000000000e+00
0.000000000000000000e+00
0.000000000000000000e+00
0.000000000000000000e+00
2.287226727548083080e-02
2.287226727548083080e-02
2.287226727548083080e-02
2.287226727548083080e-02
2.287226727548083080e-02
2.287226727548083080e-02
2.287226727548083080e-02
2.287226727548083080e-02
2.287226727548083080e-02
2.287226727548083080e-02
9.836760878473065073e-03
7.770263249337861465e-03
7.770263249337861465e-03
7.770263249337861465e-03
7.770263249337861465e-03
7.770263249337861465e-03
7.770263249337861465e-03
7.770263249337861465e-03
7.770263249337861465e-03
0.000000000000000000e+00
0.000000000000000000e+00
0.000000000000000000e+00
0.000000000000000000e+00
0.000000000000000000e+00
0.000000000000000000e+00
0.000000000000000000e+00
0.000000000000000000e+00
0.000000000000000000e+00
0.000000000000000000e+00
0.000000000000000000e+00
7.008783455344587757e-03
7.008783455344587757e-03
7.008783455344587757e-03
7.008783455344587757e-03
7.008783455344587757e-03
7.008783455344587757e-03
7.008783455344587757e-03
7.008783455344587757e-03
7.008783455344587757e-03
7.008783455344587757e-03
7.008783455344587757e-03
1.272846305446610066e-02
1.480648972828955447e-02
1.480648972828955447e-02
1.480648972828955447e-02
1.480648972828955447e-02
1.926592007420627889e-02
2.058921309270207722e-02
2.058921309270207722e-02
2.058921309270207722e-02
2.058921309270207722e-02
2.507003834718632418e-02
1.779585229931603813e-02
2.507003834718632418e-02
2.507003834718632418e-02
2.507003834718632418e-02
2.622193926946986622e-02
1.779585229931603813e-02
1.779585229931603813e-02
1.779585229931603813e-02
1.779585229931603813e-02
1.779585229931603813e-02
1.779585229931603813e-02
1.779585229931603813e-02
1.779585229931603813e-02
1.779585229931603813e-02
1.779585229931603813e-02
1.779585229931603813e-02
1.779585229931603813e-02
1.779585229931603813e-02
3.915073357601669881e-04
1.550611461266502254e-02
1.550611461266502254e-02
1.550611461266502254e-02
1.550611461266502254e-02
1.550611461266502254e-02
1.550611461266502254e-02
1.550611461266502254e-02
1.550611461266502254e-02
8.418117109917256854e-03
2.044056798633449561e-03
2.044056798633449561e-03
2.044056798633449561e-03
2.044056798633449561e-03
2.044056798633449561e-03
2.044056798633449561e-03
2.044056798633449561e-03
2.044056798633449561e-03
2.044056798633449561e-03
2.044056798633449561e-03
8.703060164257156797e-03
8.703060164257156797e-03
8.703060164257156797e-03
8.703060164257156797e-03
8.703060164257156797e-03
8.703060164257156797e-03
8.703060164257156797e-03
8.703060164257156797e-03
8.703060164257156797e-03
8.703060164257156797e-03
8.703060164257156797e-03
8.259416231533246028e-03
1.328027947898265636e-02
1.328027947898265636e-02
1.328027947898265636e-02
1.328027947898265636e-02
1.328027947898265636e-02
1.328027947898265636e-02
1.328027947898265636e-02
1.328027947898265636e-02
1.328027947898265636e-02
1.328027947898265636e-02
2.108276778861621278e-02
2.356936204569009402e-02
2.356936204569009402e-02
2.973670345132951517e-02
2.356936204569009402e-02
2.123348433581622157e-03
7.814115544462731794e-03
7.814115544462731794e-03
7.814115544462731794e-03
7.814115544462731794e-03
7.814115544462731794e-03
7.814115544462731794e-03
3.915073357601669881e-04
3.915073357601669881e-04
3.915073357601669881e-04
3.915073357601669881e-04
5.477587153846213280e-02
5.477587153846213280e-02
1.658633498928680297e-02
1.942022018092167193e-02
1.942022018092167193e-02
1.942022018092167193e-02
1.942022018092167193e-02
1.942022018092167193e-02
1.942022018092167193e-02
1.942022018092167193e-02
1.942022018092167193e-02
1.942022018092167193e-02
1.942022018092167193e-02
3.454042370683899858e-03
3.454042370683899858e-03
3.454042370683899858e-03
3.454042370683899858e-03
3.454042370683899858e-03
3.454042370683899858e-03
3.454042370683899858e-03
3.454042370683899858e-03
3.454042370683899858e-03
3.454042370683899858e-03
8.767185054668103633e-03
2.340397599145490476e-02
2.340397599145490476e-02
2.340397599145490476e-02
2.340397599145490476e-02
1.845931782447333622e-02
8.535482586383619230e-03
8.535482586383619230e-03
0.000000000000000000e+00
0.000000000000000000e+00
0.000000000000000000e+00
0.000000000000000000e+00
0.000000000000000000e+00
0.000000000000000000e+00
0.000000000000000000e+00
0.000000000000000000e+00
0.000000000000000000e+00
0.000000000000000000e+00
0.000000000000000000e+00
0.000000000000000000e+00
0.000000000000000000e+00
0.000000000000000000e+00
0.000000000000000000e+00
1.441064588043909720e-03
3.113922374317594586e-03
3.113922374317594586e-03
3.113922374317594586e-03
3.113922374317594586e-03
3.113922374317594586e-03
3.113922374317594586e-03
3.113922374317594586e-03
3.113922374317594586e-03
1.119978118432812374e-03
5.112080616467797566e-03
5.112080616467797566e-03
5.112080616467797566e-03
5.112080616467797566e-03
5.112080616467797566e-03
5.112080616467797566e-03
5.112080616467797566e-03
5.112080616467797566e-03
5.112080616467797566e-03
5.112080616467797566e-03
1.309148712281423509e-02
1.309148712281423509e-02
2.044400282709290390e-02
2.044400282709290390e-02
2.044400282709290390e-02
2.044400282709290390e-02
2.044400282709290390e-02
2.044400282709290390e-02
2.044400282709290390e-02
2.044400282709290390e-02
2.044400282709290390e-02
2.044400282709290390e-02
2.044400282709290390e-02
2.044400282709290390e-02
2.044400282709290390e-02
2.044400282709290390e-02
2.044400282709290390e-02
2.044400282709290390e-02
2.044400282709290390e-02
2.044400282709290390e-02
2.044400282709290390e-02
2.044400282709290390e-02
2.044400282709290390e-02
2.044400282709290390e-02
2.044400282709290390e-02
1.709880952433103646e-02
2.603225548420687145e-03
2.603225548420687145e-03
0.000000000000000000e+00
2.444630591958425400e-02
2.444630591958425400e-02
2.444630591958425400e-02
2.444630591958425400e-02
2.444630591958425400e-02
2.444630591958425400e-02
2.444630591958425400e-02
2.444630591958425400e-02
2.444630591958425400e-02
2.444630591958425400e-02
2.049690793871003849e-02
2.049690793871003849e-02
0.000000000000000000e+00
0.000000000000000000e+00
0.000000000000000000e+00
1.119978118432812374e-03
1.119978118432812374e-03
1.426890540920186870e-02
1.426890540920186870e-02
1.426890540920186870e-02
1.171592623531703820e-02
1.426890540920186870e-02
1.426890540920186870e-02
1.426890540920186870e-02
0.000000000000000000e+00
8.034581581756962756e-03
8.034581581756962756e-03
8.034581581756962756e-03
8.034581581756962756e-03
8.034581581756962756e-03
8.034581581756962756e-03
8.034581581756962756e-03
8.034581581756962756e-03
8.034581581756962756e-03
8.034581581756962756e-03
8.034581581756962756e-03
8.034581581756962756e-03
8.034581581756962756e-03
8.034581581756962756e-03
1.999520174353393645e-02
1.213595271063766306e-03
1.213595271063766306e-03
2.116813271785469158e-02
2.622553131794172487e-03
1.040832192043281840e-02
7.443651817143446137e-04
7.443651817143446137e-04
7.443651817143446137e-04
7.443651817143446137e-04
7.443651817143446137e-04
7.443651817143446137e-04
0.000000000000000000e+00
0.000000000000000000e+00
0.000000000000000000e+00
0.000000000000000000e+00
0.000000000000000000e+00
0.000000000000000000e+00
0.000000000000000000e+00
2.015657939820335656e-02
2.352500112006571976e-03
2.352500112006571976e-03
2.352500112006571976e-03
2.352500112006571976e-03
2.352500112006571976e-03
2.352500112006571976e-03
2.352500112006571976e-03
2.352500112006571976e-03
2.352500112006571976e-03
2.352500112006571976e-03
2.352500112006571976e-03
2.352500112006571976e-03
3.511572834791878116e-03
3.511572834791878116e-03
3.511572834791878116e-03
3.511572834791878116e-03
3.511572834791878116e-03
3.511572834791878116e-03
3.511572834791878116e-03
3.511572834791878116e-03
3.511572834791878116e-03
3.511572834791878116e-03
3.511572834791878116e-03
3.511572834791878116e-03
3.511572834791878116e-03
3.511572834791878116e-03
3.511572834791878116e-03
3.511572834791878116e-03
3.511572834791878116e-03
3.511572834791878116e-03
3.511572834791878116e-03
3.511572834791878116e-03
3.511572834791878116e-03
0.000000000000000000e+00
5.857772833366630717e-03
5.857772833366630717e-03
5.857772833366630717e-03
5.857772833366630717e-03
5.857772833366630717e-03
5.857772833366630717e-03
5.295582775825227045e-03
5.295582775825227045e-03
5.295582775825227045e-03
4.574332122336592643e-03
4.574332122336592643e-03
4.574332122336592643e-03
4.574332122336592643e-03
4.574332122336592643e-03
4.574332122336592643e-03
4.574332122336592643e-03
4.574332122336592643e-03
4.574332122336592643e-03
4.574332122336592643e-03
4.574332122336592643e-03
4.574332122336592643e-03
4.574332122336592643e-03
4.574332122336592643e-03
4.574332122336592643e-03
2.891317933226631928e-02
0.000000000000000000e+00
0.000000000000000000e+00
0.000000000000000000e+00
0.000000000000000000e+00
0.000000000000000000e+00
0.000000000000000000e+00
1.433425604186092106e-02
2.277075368417154789e-03
3.181649528168517971e-03
3.181649528168517971e-03
3.181649528168517971e-03
3.181649528168517971e-03
3.181649528168517971e-03
3.181649528168517971e-03
9.782348540876301818e-03
3.635697181661205844e-03
3.635697181661205844e-03
3.635697181661205844e-03
3.635697181661205844e-03
1.585332185308854780e-02
0.000000000000000000e+00
0.000000000000000000e+00
1.637214368780819801e-02
9.433625734382767442e-03
9.433625734382767442e-03
9.433625734382767442e-03
9.433625734382767442e-03
9.433625734382767442e-03
9.433625734382767442e-03
9.433625734382767442e-03
9.433625734382767442e-03
9.433625734382767442e-03
9.433625734382767442e-03
9.433625734382767442e-03
9.433625734382767442e-03
9.433625734382767442e-03
9.433625734382767442e-03
9.433625734382767442e-03
9.433625734382767442e-03
9.433625734382767442e-03
9.433625734382767442e-03
1.797898814656094177e-02
3.014266685075028124e-02
3.014266685075028124e-02
3.014266685075028124e-02
3.014266685075028124e-02
3.014266685075028124e-02
3.014266685075028124e-02
3.014266685075028124e-02
3.014266685075028124e-02
0.000000000000000000e+00
1.422185164054392929e-02
1.422185164054392929e-02
1.422185164054392929e-02
1.422185164054392929e-02
1.422185164054392929e-02
1.422185164054392929e-02
1.422185164054392929e-02
1.422185164054392929e-02
1.262760779313317795e-03
1.262760779313317795e-03
1.262760779313317795e-03
1.262760779313317795e-03
1.262760779313317795e-03
1.262760779313317795e-03
1.262760779313317795e-03
1.262760779313317795e-03
1.262760779313317795e-03
1.262760779313317795e-03
1.262760779313317795e-03
0.000000000000000000e+00
9.336315405176166468e-04
9.336315405176166468e-04
9.336315405176166468e-04
9.336315405176166468e-04
9.336315405176166468e-04
9.336315405176166468e-04
9.336315405176166468e-04
9.336315405176166468e-04
8.918048120095813103e-03
1.272846305446610066e-02
1.762424502738822382e-02
1.762424502738822382e-02
1.762424502738822382e-02
1.762424502738822382e-02
1.762424502738822382e-02
1.762424502738822382e-02
1.762424502738822382e-02
1.762424502738822382e-02
2.241237539189663841e-02
8.501277147261428538e-03
8.501277147261428538e-03
8.501277147261428538e-03
8.501277147261428538e-03
8.501277147261428538e-03
8.501277147261428538e-03
8.501277147261428538e-03
8.501277147261428538e-03
8.501277147261428538e-03
8.501277147261428538e-03
1.108565965234567866e-02
5.742364630953610341e-03
5.742364630953610341e-03
5.742364630953610341e-03
5.742364630953610341e-03
5.742364630953610341e-03
5.742364630953610341e-03
5.742364630953610341e-03
5.742364630953610341e-03
2.241237539189663841e-02
2.241237539189663841e-02
0.000000000000000000e+00
0.000000000000000000e+00
2.966445379111086467e-02
1.325446917818546948e-02
1.325446917818546948e-02
9.228223539590001395e-04
9.228223539590001395e-04
9.228223539590001395e-04
9.228223539590001395e-04
9.228223539590001395e-04
7.584570116238736198e-03
0.000000000000000000e+00
0.000000000000000000e+00
0.000000000000000000e+00
1.585332185308854780e-02
1.585332185308854780e-02
1.585332185308854780e-02
9.836760878473065073e-03
9.836760878473065073e-03
3.567270535910674768e-03
7.975052040122802485e-03
7.975052040122802485e-03
8.405760042468691726e-03
9.606027897824536560e-03
9.606027897824536560e-03
1.990860362567243094e-02
6.279672153338283769e-02
6.279672153338283769e-02
2.833605466876270174e-03
6.279672153338283769e-02
6.279672153338283769e-02
6.279672153338283769e-02
6.279672153338283769e-02
6.279672153338283769e-02
0.000000000000000000e+00
7.870998252835145759e-03
7.870998252835145759e-03
7.870998252835145759e-03
7.870998252835145759e-03
7.870998252835145759e-03
7.870998252835145759e-03
1.441064588043909720e-03
1.441064588043909720e-03
1.441064588043909720e-03
1.441064588043909720e-03
1.559798014732658410e-02
0.000000000000000000e+00
0.000000000000000000e+00
1.021507908396597497e-02
1.021507908396597497e-02
1.021507908396597497e-02
1.021507908396597497e-02
1.021507908396597497e-02
1.021507908396597497e-02
1.021507908396597497e-02
1.021507908396597497e-02
1.021507908396597497e-02
1.021507908396597497e-02
1.021507908396597497e-02
1.021507908396597497e-02
1.021507908396597497e-02
5.961263980007510538e-03
5.961263980007510538e-03
5.961263980007510538e-03
5.961263980007510538e-03
5.961263980007510538e-03
5.961263980007510538e-03
5.961263980007510538e-03
5.961263980007510538e-03
5.961263980007510538e-03
5.961263980007510538e-03
5.961263980007510538e-03
7.052329662593906368e-03
1.309755523582040865e-02
1.309755523582040865e-02
1.309755523582040865e-02
1.309755523582040865e-02
1.309755523582040865e-02
1.309755523582040865e-02
1.017891977727486928e-02
1.017891977727486928e-02
2.973670345132951517e-02
2.973670345132951517e-02
2.973670345132951517e-02
6.735933764914094068e-02
2.123348433581622157e-03
8.583015716659196659e-03
1.847265051380143908e-02
1.847265051380143908e-02
1.847265051380143908e-02
1.847265051380143908e-02
1.847265051380143908e-02
1.847265051380143908e-02
1.847265051380143908e-02
1.847265051380143908e-02
7.641141791257835027e-03
0.000000000000000000e+00
0.000000000000000000e+00
0.000000000000000000e+00
0.000000000000000000e+00
3.367062154366071098e-05
3.367062154366071098e-05
3.367062154366071098e-05
3.367062154366071098e-05
3.367062154366071098e-05
3.367062154366071098e-05
3.367062154366071098e-05
3.367062154366071098e-05
3.367062154366071098e-05
3.367062154366071098e-05
3.367062154366071098e-05
3.367062154366071098e-05
3.367062154366071098e-05
1.313045030865977320e-02
3.526522345596251606e-02
3.526522345596251606e-02
3.526522345596251606e-02
3.526522345596251606e-02
3.526522345596251606e-02
3.526522345596251606e-02
3.526522345596251606e-02
3.526522345596251606e-02
6.494923212322418864e-03
1.471114253208228098e-02
1.471114253208228098e-02
6.620497163646812955e-02
0.000000000000000000e+00
0.000000000000000000e+00
1.162625618059274363e-03
5.931634340720127758e-04
5.931634340720127758e-04
1.040832192043281840e-02
3.104628329391439807e-03
3.104628329391439807e-03
3.303015015322674844e-03
1.922786421162967635e-02
1.922786421162967635e-02
1.922786421162967635e-02
1.922786421162967635e-02
1.922786421162967635e-02
1.922786421162967635e-02
0.000000000000000000e+00
2.692231590463707580e-02
2.692231590463707580e-02
2.692231590463707580e-02
2.692231590463707580e-02
2.692231590463707580e-02
2.692231590463707580e-02
2.692231590463707580e-02
2.692231590463707580e-02
2.692231590463707580e-02
2.692231590463707580e-02
1.901734158948016964e-02
4.186396214475107160e-03
4.186396214475107160e-03
4.186396214475107160e-03
4.186396214475107160e-03
4.186396214475107160e-03
4.186396214475107160e-03
4.186396214475107160e-03
4.186396214475107160e-03
2.619112771687956420e-02
2.619112771687956420e-02
9.923934810847004698e-03
2.389279677230817314e-02
8.767185054668103633e-03
8.767185054668103633e-03
8.767185054668103633e-03
8.767185054668103633e-03
8.767185054668103633e-03
8.767185054668103633e-03
8.767185054668103633e-03
8.767185054668103633e-03
8.767185054668103633e-03
8.767185054668103633e-03
2.389279677230817314e-02
2.389279677230817314e-02
2.389279677230817314e-02
3.728499354715931243e-03
3.728499354715931243e-03
3.728499354715931243e-03
3.728499354715931243e-03
0.000000000000000000e+00
0.000000000000000000e+00
1.378311366702606247e-02
1.724989959275772047e-02
1.724989959275772047e-02
0.000000000000000000e+00
0.000000000000000000e+00
0.000000000000000000e+00
0.000000000000000000e+00
0.000000000000000000e+00
0.000000000000000000e+00
0.000000000000000000e+00
3.191799097948556235e-02
2.116813271785469158e-02
2.730934926749790156e-03
5.955104734328510235e-04
5.955104734328510235e-04
5.153438091913835686e-03
4.428095777336206636e-03
4.428095777336206636e-03
4.428095777336206636e-03
4.428095777336206636e-03
4.428095777336206636e-03
4.428095777336206636e-03
5.178386967965999121e-02
5.814725378597402489e-02
5.814725378597402489e-02
5.814725378597402489e-02
5.814725378597402489e-02
2.966445379111086467e-02
4.415138240636220027e-03
4.415138240636220027e-03
2.820027506795206446e-02
0.000000000000000000e+00
0.000000000000000000e+00
4.203063968301911681e-03
2.150068844487747211e-02
2.150068844487747211e-02
2.150068844487747211e-02
2.150068844487747211e-02
2.150068844487747211e-02
2.150068844487747211e-02
2.150068844487747211e-02
2.150068844487747211e-02
2.150068844487747211e-02
2.150068844487747211e-02
2.150068844487747211e-02
2.150068844487747211e-02
0.000000000000000000e+00
2.908083223907622847e-02
0.000000000000000000e+00
2.908083223907622847e-02
1.245303196676034695e-02
2.361694918429878970e-02
2.361694918429878970e-02
2.361694918429878970e-02
2.361694918429878970e-02
2.361694918429878970e-02
2.361694918429878970e-02
2.361694918429878970e-02
2.361694918429878970e-02
2.361694918429878970e-02
2.361694918429878970e-02
2.361694918429878970e-02
2.361694918429878970e-02
7.206021729007926029e-03
1.142100830967072121e-03
1.142100830967072121e-03
1.142100830967072121e-03
1.142100830967072121e-03
1.142100830967072121e-03
1.142100830967072121e-03
2.696387463259778197e-02
1.142100830967072121e-03
1.406129939759427280e-02
2.730934926749790156e-03
2.730934926749790156e-03
2.730934926749790156e-03
2.028789208869059488e-02
2.028789208869059488e-02
2.028789208869059488e-02
2.028789208869059488e-02
2.028789208869059488e-02
2.028789208869059488e-02
2.028789208869059488e-02
2.923986827741811498e-02
2.028789208869059488e-02
2.028789208869059488e-02
2.028789208869059488e-02
0.000000000000000000e+00
7.641141791257835027e-03
7.641141791257835027e-03
7.641141791257835027e-03
1.388864348954726297e-02
1.388864348954726297e-02
1.388864348954726297e-02
2.108276778861621278e-02
2.108276778861621278e-02
2.108276778861621278e-02
2.108276778861621278e-02
4.725199047535035175e-03
6.682219586049607807e-03
6.682219586049607807e-03
1.162625618059274363e-03
7.361263392158669955e-03
7.361263392158669955e-03
2.461573961535519928e-03
7.361263392158669955e-03
7.361263392158669955e-03
7.361263392158669955e-03
3.865439358023014908e-03
3.865439358023014908e-03
3.865439358023014908e-03
3.865439358023014908e-03
3.865439358023014908e-03
3.865439358023014908e-03
3.865439358023014908e-03
3.865439358023014908e-03
3.865439358023014908e-03
3.865439358023014908e-03
3.865439358023014908e-03
1.493913271121586998e-02
2.015163487448703300e-02
2.015163487448703300e-02
2.015163487448703300e-02
2.015163487448703300e-02
2.015163487448703300e-02
2.015163487448703300e-02
2.820027506795206446e-02
0.000000000000000000e+00
2.741440983579447599e-02
6.792816359379408309e-02
6.792816359379408309e-02
6.792816359379408309e-02
6.792816359379408309e-02
6.792816359379408309e-02
6.792816359379408309e-02
6.792816359379408309e-02
6.792816359379408309e-02
6.792816359379408309e-02
6.792816359379408309e-02
6.792816359379408309e-02
6.792816359379408309e-02
1.171592623531703820e-02
1.454012760450083645e-02
1.454012760450083645e-02
1.454012760450083645e-02
1.454012760450083645e-02
0.000000000000000000e+00
0.000000000000000000e+00
0.000000000000000000e+00
0.000000000000000000e+00
0.000000000000000000e+00
0.000000000000000000e+00
0.000000000000000000e+00
1.232027120842901606e-02
1.232027120842901606e-02
1.232027120842901606e-02
1.232027120842901606e-02
1.232027120842901606e-02
1.232027120842901606e-02
1.232027120842901606e-02
1.232027120842901606e-02
1.232027120842901606e-02
1.232027120842901606e-02
1.232027120842901606e-02
1.501801143241404722e-03
1.421052783615674685e-02
1.421052783615674685e-02
1.421052783615674685e-02
1.421052783615674685e-02
3.264753648942840883e-03
0.000000000000000000e+00
0.000000000000000000e+00
0.000000000000000000e+00
0.000000000000000000e+00
0.000000000000000000e+00
0.000000000000000000e+00
0.000000000000000000e+00
7.442111645978457743e-03
7.442111645978457743e-03
7.442111645978457743e-03
7.442111645978457743e-03
7.442111645978457743e-03
7.442111645978457743e-03
1.526004695010781814e-02
1.526004695010781814e-02
1.526004695010781814e-02
1.526004695010781814e-02
1.526004695010781814e-02
1.526004695010781814e-02
1.526004695010781814e-02
1.526004695010781814e-02
1.526004695010781814e-02
1.526004695010781814e-02
1.526004695010781814e-02
1.526004695010781814e-02
1.526004695010781814e-02
1.526004695010781814e-02
1.526004695010781814e-02
1.526004695010781814e-02
1.526004695010781814e-02
1.526004695010781814e-02
1.526004695010781814e-02
1.526004695010781814e-02
1.526004695010781814e-02
1.526004695010781814e-02
1.526004695010781814e-02
1.526004695010781814e-02
1.526004695010781814e-02
1.526004695010781814e-02
1.526004695010781814e-02
3.303015015322674844e-03
3.303015015322674844e-03
3.303015015322674844e-03
3.303015015322674844e-03
3.303015015322674844e-03
3.303015015322674844e-03
3.303015015322674844e-03
3.303015015322674844e-03
3.303015015322674844e-03
1.056038976905045880e-05
7.708258069665385607e-04
7.708258069665385607e-04
7.708258069665385607e-04
7.708258069665385607e-04
7.708258069665385607e-04
7.708258069665385607e-04
7.708258069665385607e-04
7.708258069665385607e-04
4.353225965260994028e-03
2.972704596188745566e-02
2.972704596188745566e-02
2.972704596188745566e-02
2.972704596188745566e-02
3.016408738723728392e-03
1.480388881677931374e-02
1.480388881677931374e-02
1.480388881677931374e-02
1.480388881677931374e-02
1.480388881677931374e-02
1.480388881677931374e-02
9.800467732365881687e-03
1.108565965234567866e-02
1.945180392873444367e-02
1.366524621051530552e-02
1.366524621051530552e-02
1.366524621051530552e-02
1.366524621051530552e-02
1.366524621051530552e-02
1.366524621051530552e-02
1.366524621051530552e-02
1.157932922185027184e-02
1.491068803609009626e-02
1.491068803609009626e-02
1.491068803609009626e-02
1.491068803609009626e-02
1.491068803609009626e-02
1.491068803609009626e-02
1.313045030865977320e-02
3.361556881724550583e-02
1.313045030865977320e-02
1.313045030865977320e-02
3.361556881724550583e-02
3.839780335588365012e-02
2.423516522848383897e-02
2.423516522848383897e-02
2.423516522848383897e-02
2.423516522848383897e-02
2.423516522848383897e-02
2.423516522848383897e-02
2.423516522848383897e-02
2.423516522848383897e-02
2.423516522848383897e-02
2.423516522848383897e-02
6.630985683706720410e-03
1.140782618905029997e-03
6.630985683706720410e-03
6.630985683706720410e-03
6.630985683706720410e-03
6.630985683706720410e-03
6.630985683706720410e-03
6.630985683706720410e-03
6.630985683706720410e-03
1.140782618905029997e-03
7.204657992438643146e-03
6.032210142253465607e-03
6.032210142253465607e-03
6.032210142253465607e-03
6.032210142253465607e-03
8.993624649696812384e-03
2.492204940155906545e-02
2.492204940155906545e-02
2.492204940155906545e-02
2.492204940155906545e-02
1.967622147416326836e-02
1.967622147416326836e-02
0.000000000000000000e+00
3.982379541806703449e-02
3.982379541806703449e-02
3.982379541806703449e-02
3.982379541806703449e-02
3.982379541806703449e-02
3.982379541806703449e-02
9.250451639796219289e-03
8.918048120095813103e-03
0.000000000000000000e+00
0.000000000000000000e+00
0.000000000000000000e+00
0.000000000000000000e+00
3.400031687778950953e-03
2.338213433920305188e-05
2.338213433920305188e-05
2.338213433920305188e-05
2.338213433920305188e-05
2.327661170514823061e-02
2.327661170514823061e-02
1.894615870310310465e-02
2.049771444675831458e-02
2.049771444675831458e-02
2.808610245267507619e-02
0.000000000000000000e+00
0.000000000000000000e+00
0.000000000000000000e+00
0.000000000000000000e+00
0.000000000000000000e+00
0.000000000000000000e+00
0.000000000000000000e+00
0.000000000000000000e+00
8.674730927289148316e-04
1.496923408962286435e-02
1.496923408962286435e-02
1.496923408962286435e-02
1.496923408962286435e-02
1.496923408962286435e-02
1.496923408962286435e-02
1.990860362567243094e-02
1.990860362567243094e-02
1.731147896679907303e-02
1.842048589153794103e-03
1.842048589153794103e-03
1.842048589153794103e-03
8.542849093257710510e-03
9.889011343109519597e-03
9.889011343109519597e-03
8.674730927289148316e-04
2.891317933226631928e-02
2.891317933226631928e-02
2.891317933226631928e-02
2.891317933226631928e-02
2.891317933226631928e-02
2.891317933226631928e-02
2.891317933226631928e-02
2.891317933226631928e-02
2.047260155755692746e-05
4.194866916034431363e-04
4.194866916034431363e-04
4.194866916034431363e-04
4.194866916034431363e-04
4.194866916034431363e-04
4.194866916034431363e-04
4.194866916034431363e-04
4.194866916034431363e-04
5.850435238450080178e-03
5.850435238450080178e-03
3.322521586237678348e-03
3.322521586237678348e-03
3.322521586237678348e-03
1.694779201831234788e-02
0.000000000000000000e+00
0.000000000000000000e+00
0.000000000000000000e+00
0.000000000000000000e+00
0.000000000000000000e+00
1.881639801313417931e-02
0.000000000000000000e+00
0.000000000000000000e+00
0.000000000000000000e+00
0.000000000000000000e+00
1.652912409649073128e-02
2.585969017821670643e-02
2.585969017821670643e-02
2.585969017821670643e-02
3.839780335588365012e-02
3.839780335588365012e-02
3.839780335588365012e-02
3.839780335588365012e-02
0.000000000000000000e+00
0.000000000000000000e+00
0.000000000000000000e+00
0.000000000000000000e+00
0.000000000000000000e+00
1.056038976905045880e-05
6.329083655442403365e-04
6.329083655442403365e-04
6.329083655442403365e-04
6.329083655442403365e-04
2.820027506795206446e-02
2.820027506795206446e-02
2.820027506795206446e-02
2.820027506795206446e-02
2.820027506795206446e-02
1.850271058467826621e-02
2.614018764036164094e-02
2.614018764036164094e-02
2.614018764036164094e-02
2.614018764036164094e-02
2.614018764036164094e-02
0.000000000000000000e+00
0.000000000000000000e+00
8.197816913809108375e-03
9.666514362304520769e-03
9.666514362304520769e-03
9.666514362304520769e-03
9.666514362304520769e-03
9.666514362304520769e-03
9.666514362304520769e-03
9.666514362304520769e-03
9.666514362304520769e-03
2.970156873356195795e-03
7.751776962956508955e-03
1.241555050755721546e-03
7.751776962956508955e-03
7.751776962956508955e-03
7.751776962956508955e-03
7.751776962956508955e-03
7.751776962956508955e-03
7.751776962956508955e-03
7.751776962956508955e-03
2.622193926946986622e-02
5.819619809724847770e-03
3.834169949454923655e-03
3.834169949454923655e-03
3.834169949454923655e-03
3.834169949454923655e-03
3.834169949454923655e-03
3.834169949454923655e-03
3.834169949454923655e-03
1.162625618059274363e-03
9.999827548573064773e-03
9.499362546445904928e-03
9.499362546445904928e-03
9.499362546445904928e-03
9.499362546445904928e-03
6.494923212322418864e-03
1.776590172268026693e-02
1.271669852340089057e-02
1.271669852340089057e-02
4.353225965260994028e-03
4.353225965260994028e-03
4.353225965260994028e-03
4.353225965260994028e-03
4.353225965260994028e-03
4.353225965260994028e-03
3.511224392783310333e-02
3.283532980699722936e-02
3.283532980699722936e-02
1.485371136669772808e-02
0.000000000000000000e+00
0.000000000000000000e+00
0.000000000000000000e+00
0.000000000000000000e+00
0.000000000000000000e+00
0.000000000000000000e+00
2.342960719087401004e-03
1.839742093201127485e-02
1.839742093201127485e-02
1.839742093201127485e-02
1.839742093201127485e-02
1.839742093201127485e-02
1.839742093201127485e-02
1.839742093201127485e-02
1.839742093201127485e-02
4.256962404862034074e-03
3.264753648942840883e-03
2.966445379111086467e-02
2.966445379111086467e-02
2.966445379111086467e-02
2.966445379111086467e-02
2.966445379111086467e-02
3.469731457585562007e-02
3.141707396074211456e-02
3.141707396074211456e-02
3.141707396074211456e-02
3.141707396074211456e-02
3.141707396074211456e-02
3.141707396074211456e-02
3.141707396074211456e-02
3.141707396074211456e-02
3.141707396074211456e-02
3.141707396074211456e-02
7.676194471541861013e-03
0.000000000000000000e+00
0.000000000000000000e+00
0.000000000000000000e+00
0.000000000000000000e+00
8.100997678166337729e-03
1.250141055049726682e-03
1.250141055049726682e-03
1.250141055049726682e-03
1.250141055049726682e-03
1.250141055049726682e-03
1.250141055049726682e-03
1.250141055049726682e-03
1.250141055049726682e-03
1.250141055049726682e-03
1.250141055049726682e-03
1.559798014732658410e-02
1.559798014732658410e-02
1.559798014732658410e-02
1.559798014732658410e-02
1.559798014732658410e-02
6.829789744638552207e-02
8.759819710964218339e-03
6.829789744638552207e-02
6.829789744638552207e-02
8.759819710964218339e-03
2.461573961535519928e-03
3.249906549415997048e-02
3.279459961432152487e-02
3.279459961432152487e-02
3.279459961432152487e-02
3.279459961432152487e-02
3.279459961432152487e-02
3.279459961432152487e-02
2.373680176397411842e-03
0.000000000000000000e+00
0.000000000000000000e+00
0.000000000000000000e+00
0.000000000000000000e+00
0.000000000000000000e+00
0.000000000000000000e+00
1.901734158948016964e-02
1.901734158948016964e-02
1.901734158948016964e-02
1.901734158948016964e-02
1.901734158948016964e-02
1.901734158948016964e-02
0.000000000000000000e+00
0.000000000000000000e+00
2.342960719087401004e-03
2.342960719087401004e-03
9.999827548573064773e-03
1.894615870310310465e-02
1.894615870310310465e-02
1.894615870310310465e-02
2.238340300222164958e-02
1.236843336934899222e-02
1.236843336934899222e-02
1.236843336934899222e-02
1.236843336934899222e-02
1.113877417623579565e-02
2.211525447844219817e-03
2.211525447844219817e-03
2.211525447844219817e-03
2.211525447844219817e-03
2.211525447844219817e-03
2.211525447844219817e-03
2.211525447844219817e-03
2.211525447844219817e-03
2.211525447844219817e-03
2.211525447844219817e-03
5.504361379969533591e-02
5.178386967965999121e-02
8.825699469111422668e-03
0.000000000000000000e+00
0.000000000000000000e+00
0.000000000000000000e+00
0.000000000000000000e+00
0.000000000000000000e+00
2.629568856900464310e-02
2.629568856900464310e-02
2.629568856900464310e-02
2.629568856900464310e-02
2.629568856900464310e-02
2.629568856900464310e-02
2.629568856900464310e-02
2.629568856900464310e-02
2.629568856900464310e-02
2.629568856900464310e-02
7.676194471541861013e-03
7.676194471541861013e-03
7.676194471541861013e-03
7.676194471541861013e-03
7.676194471541861013e-03
7.676194471541861013e-03
7.676194471541861013e-03
7.676194471541861013e-03
7.676194471541861013e-03
7.676194471541861013e-03
7.676194471541861013e-03
7.676194471541861013e-03
7.676194471541861013e-03
7.676194471541861013e-03
7.676194471541861013e-03
7.676194471541861013e-03
7.676194471541861013e-03
7.676194471541861013e-03
1.485371136669772808e-02
1.709880952433103646e-02
1.709880952433103646e-02
1.709880952433103646e-02
0.000000000000000000e+00
0.000000000000000000e+00
3.752266024348257980e-03
3.929733455396234969e-03
9.486473386655121590e-03
8.259416231533246028e-03
5.583754468807797071e-03
5.583754468807797071e-03
2.923986827741811498e-02
2.923986827741811498e-02
2.923986827741811498e-02
2.923986827741811498e-02
2.923986827741811498e-02
1.083625405653090845e-02
1.027676232485881828e-03
1.027676232485881828e-03
1.999520174353393645e-02
0.000000000000000000e+00
0.000000000000000000e+00
0.000000000000000000e+00
0.000000000000000000e+00
5.100006495709052609e-03
1.845931782447333622e-02
1.845931782447333622e-02
1.845931782447333622e-02
1.845931782447333622e-02
1.845931782447333622e-02
1.980558468390232474e-02
1.980558468390232474e-02
1.980558468390232474e-02
4.725199047535035175e-03
1.083625405653090845e-02
7.444238467402721285e-03
7.444238467402721285e-03
2.782879719328788803e-02
8.685037701478178981e-03
8.685037701478178981e-03
8.685037701478178981e-03
8.685037701478178981e-03
8.685037701478178981e-03
8.685037701478178981e-03
8.685037701478178981e-03
8.685037701478178981e-03
2.147900837143781536e-02
1.253728594093995660e-02
1.253728594093995660e-02
8.583015716659196659e-03
8.583015716659196659e-03
0.000000000000000000e+00
0.000000000000000000e+00
3.116378791344280412e-03
9.193749559308295183e-03
9.193749559308295183e-03
9.193749559308295183e-03
9.193749559308295183e-03
9.193749559308295183e-03
9.193749559308295183e-03
9.193749559308295183e-03
9.193749559308295183e-03
3.752266024348257980e-03
0.000000000000000000e+00
0.000000000000000000e+00
4.495902561266548747e-01
4.495902561266548747e-01
4.495902561266548747e-01
4.495902561266548747e-01
4.495902561266548747e-01
4.495902561266548747e-01
4.495902561266548747e-01
4.495902561266548747e-01
4.495902561266548747e-01
4.495902561266548747e-01
4.495902561266548747e-01
5.630285496813548264e-03
2.019434048762524386e-02
2.019434048762524386e-02
2.019434048762524386e-02
2.019434048762524386e-02
2.019434048762524386e-02
2.019434048762524386e-02
9.800467732365881687e-03
9.800467732365881687e-03
8.418117109917256854e-03
5.649404000459294292e-03
5.649404000459294292e-03
5.649404000459294292e-03
5.649404000459294292e-03
5.649404000459294292e-03
5.649404000459294292e-03
7.206021729007926029e-03
1.647415598216879842e-02
1.647415598216879842e-02
2.941028970647801329e-03
2.941028970647801329e-03
2.941028970647801329e-03
2.941028970647801329e-03
2.135081565728505493e-02
3.469731457585562007e-02
0.000000000000000000e+00
0.000000000000000000e+00
9.250451639796219289e-03
9.250451639796219289e-03
9.250451639796219289e-03
9.250451639796219289e-03
8.418117109917256854e-03
1.320180313726529095e-02
1.400806668062066877e-02
1.400806668062066877e-02
1.400806668062066877e-02
1.400806668062066877e-02
1.171592623531703820e-02
6.694731120378842951e-03
4.172456689502299608e-03
4.172456689502299608e-03
4.172456689502299608e-03
4.172456689502299608e-03
4.172456689502299608e-03
4.172456689502299608e-03
4.172456689502299608e-03
4.172456689502299608e-03
4.172456689502299608e-03
4.172456689502299608e-03
4.172456689502299608e-03
4.172456689502299608e-03
4.172456689502299608e-03
4.172456689502299608e-03
1.587635168270598238e-02
1.818275634312554198e-04
1.818275634312554198e-04
2.824642619190274179e-03
1.598673851005569073e-03
1.598673851005569073e-03
1.598673851005569073e-03
1.598673851005569073e-03
9.454180179071066531e-03
3.210588382487539888e-02
3.210588382487539888e-02
3.210588382487539888e-02
3.210588382487539888e-02
3.210588382487539888e-02
3.210588382487539888e-02
1.417317420783863711e-02
1.911859856446300292e-03
1.911859856446300292e-03
1.911859856446300292e-03
1.911859856446300292e-03
1.911859856446300292e-03
1.587635168270598238e-02
1.587635168270598238e-02
1.587635168270598238e-02
1.587635168270598238e-02
1.587635168270598238e-02
1.587635168270598238e-02
1.587635168270598238e-02
1.587635168270598238e-02
9.999827548573064773e-03
9.999827548573064773e-03
9.999827548573064773e-03
9.999827548573064773e-03
9.999827548573064773e-03
9.999827548573064773e-03
9.999827548573064773e-03
2.808610245267507619e-02
2.808610245267507619e-02
7.052329662593906368e-03
7.052329662593906368e-03
7.052329662593906368e-03
7.052329662593906368e-03
7.052329662593906368e-03
7.052329662593906368e-03
9.923934810847004698e-03
9.923934810847004698e-03
9.923934810847004698e-03
9.923934810847004698e-03
1.182427181820066946e-02
1.873759167341406892e-02
1.878531470231724690e-02
1.878531470231724690e-02
1.878531470231724690e-02
1.878531470231724690e-02
1.878531470231724690e-02
1.878531470231724690e-02
1.878531470231724690e-02
1.873759167341406892e-02
1.873759167341406892e-02
1.873759167341406892e-02
2.238340300222164958e-02
1.207051872003031719e-02
1.207051872003031719e-02
2.428433647938800510e-02
2.428433647938800510e-02
5.843312965714572010e-02
6.735933764914094068e-02
6.735933764914094068e-02
6.735933764914094068e-02
1.694779201831234788e-02
5.153438091913835686e-03
5.153438091913835686e-03
5.153438091913835686e-03
6.859833003539763177e-03
6.859833003539763177e-03
6.859833003539763177e-03
6.859833003539763177e-03
4.853936117114004793e-04
7.867737262266562281e-03
7.867737262266562281e-03
0.000000000000000000e+00
0.000000000000000000e+00
0.000000000000000000e+00
0.000000000000000000e+00
0.000000000000000000e+00
5.100006495709052609e-03
2.717009037044233744e-02
3.013816853816736387e-03
2.717009037044233744e-02
2.717009037044233744e-02
2.717009037044233744e-02
3.013816853816736387e-03
3.013816853816736387e-03
3.013816853816736387e-03
3.013816853816736387e-03
3.013816853816736387e-03
0.000000000000000000e+00
4.995391098273905400e-02
4.995391098273905400e-02
5.630285496813548264e-03
5.630285496813548264e-03
5.630285496813548264e-03
5.630285496813548264e-03
5.630285496813548264e-03
5.630285496813548264e-03
4.853936117114004793e-04
3.929557034828947207e-03
3.929557034828947207e-03
3.929557034828947207e-03
3.929557034828947207e-03
3.929557034828947207e-03
3.929557034828947207e-03
1.056038976905045880e-05
1.694779201831234788e-02
1.406129939759427280e-02
7.240212291167193431e-04
7.240212291167193431e-04
7.240212291167193431e-04
7.240212291167193431e-04
7.240212291167193431e-04
7.240212291167193431e-04
7.240212291167193431e-04
7.240212291167193431e-04
7.240212291167193431e-04
7.240212291167193431e-04
7.240212291167193431e-04
7.240212291167193431e-04
7.240212291167193431e-04
3.312063978527138297e-02
3.312063978527138297e-02
3.312063978527138297e-02
3.312063978527138297e-02
3.312063978527138297e-02
3.312063978527138297e-02
3.312063978527138297e-02
3.312063978527138297e-02
3.312063978527138297e-02
3.312063978527138297e-02
3.312063978527138297e-02
9.454180179071066531e-03
9.454180179071066531e-03
9.454180179071066531e-03
9.454180179071066531e-03
9.454180179071066531e-03
9.454180179071066531e-03
4.430586280870856680e-02
6.503685229169868520e-02
6.503685229169868520e-02
6.503685229169868520e-02
6.503685229169868520e-02
0.000000000000000000e+00
0.000000000000000000e+00
8.542849093257710510e-03
8.542849093257710510e-03
8.542849093257710510e-03
8.542849093257710510e-03
1.493913271121586998e-02
1.493913271121586998e-02
1.493913271121586998e-02
1.493913271121586998e-02
0.000000000000000000e+00
2.645920656515782926e-02
0.000000000000000000e+00
0.000000000000000000e+00
0.000000000000000000e+00
0.000000000000000000e+00
3.016408738723728392e-03
2.645920656515782926e-02
2.645920656515782926e-02
2.645920656515782926e-02
1.850271058467826621e-02
1.850271058467826621e-02
1.850271058467826621e-02
1.850271058467826621e-02
0.000000000000000000e+00
0.000000000000000000e+00
2.291697281135119182e-02
2.015657939820335656e-02
2.015657939820335656e-02
2.015657939820335656e-02
8.100997678166337729e-03
8.100997678166337729e-03
8.100997678166337729e-03
8.100997678166337729e-03
0.000000000000000000e+00
0.000000000000000000e+00
7.584570116238736198e-03
2.543335997695984896e-02
2.543335997695984896e-02
2.543335997695984896e-02
2.543335997695984896e-02
2.543335997695984896e-02
2.543335997695984896e-02
2.543335997695984896e-02
2.543335997695984896e-02
2.543335997695984896e-02
2.543335997695984896e-02
2.543335997695984896e-02
0.000000000000000000e+00
0.000000000000000000e+00
0.000000000000000000e+00
0.000000000000000000e+00
0.000000000000000000e+00
0.000000000000000000e+00
9.431721171574525969e-03
9.431721171574525969e-03
3.511224392783310333e-02
4.680759023718949162e-03
4.680759023718949162e-03
4.680759023718949162e-03
4.680759023718949162e-03
4.680759023718949162e-03
4.680759023718949162e-03
1.059444695300628715e-02
1.059444695300628715e-02
1.059444695300628715e-02
1.059444695300628715e-02
1.059444695300628715e-02
1.059444695300628715e-02
1.059444695300628715e-02
1.059444695300628715e-02
1.059444695300628715e-02
1.059444695300628715e-02
0.000000000000000000e+00
0.000000000000000000e+00
0.000000000000000000e+00
0.000000000000000000e+00
0.000000000000000000e+00
0.000000000000000000e+00
0.000000000000000000e+00
0.000000000000000000e+00
0.000000000000000000e+00
4.725199047535035175e-03
4.725199047535035175e-03
4.725199047535035175e-03
3.400031687778950953e-03
9.775576126464414692e-03
9.775576126464414692e-03
9.775576126464414692e-03
9.775576126464414692e-03
9.248951653223577707e-03
1.299103398898398751e-02
1.299103398898398751e-02
3.950107385698542993e-03
1.662217648415273202e-03
1.662217648415273202e-03
1.662217648415273202e-03
1.662217648415273202e-03
8.405760042468691726e-03
5.329394237286011471e-02
5.329394237286011471e-02
5.329394237286011471e-02
5.329394237286011471e-02
5.329394237286011471e-02
5.329394237286011471e-02
3.399322358552132189e-02
6.620497163646812955e-02
6.620497163646812955e-02
6.620497163646812955e-02
6.620497163646812955e-02
6.620497163646812955e-02
6.620497163646812955e-02
6.620497163646812955e-02
6.620497163646812955e-02
6.620497163646812955e-02
9.248951653223577707e-03
9.248951653223577707e-03
9.248951653223577707e-03
9.248951653223577707e-03
9.248951653223577707e-03
9.248951653223577707e-03
9.248951653223577707e-03
9.248951653223577707e-03
9.248951653223577707e-03
9.248951653223577707e-03
9.248951653223577707e-03
9.248951653223577707e-03
9.248951653223577707e-03
9.248951653223577707e-03
4.430586280870856680e-02
4.430586280870856680e-02
4.430586280870856680e-02
4.430586280870856680e-02
4.430586280870856680e-02
4.430586280870856680e-02
6.325501265907734066e-03
6.325501265907734066e-03
8.993624649696812384e-03
0.000000000000000000e+00
0.000000000000000000e+00
1.658633498928680297e-02
1.658633498928680297e-02
1.640475900987093923e-03
2.373680176397411842e-03
1.485371136669772808e-02
1.485371136669772808e-02
1.485371136669772808e-02
2.741440983579447599e-02
2.741440983579447599e-02
2.741440983579447599e-02
2.741440983579447599e-02
1.776590172268026693e-02
5.065689109123919058e-03
5.065689109123919058e-03
5.065689109123919058e-03
5.065689109123919058e-03
5.065689109123919058e-03
5.065689109123919058e-03
3.989239075839146921e-03
3.989239075839146921e-03
3.989239075839146921e-03
3.989239075839146921e-03
3.989239075839146921e-03
3.989239075839146921e-03
3.989239075839146921e-03
3.989239075839146921e-03
3.989239075839146921e-03
3.989239075839146921e-03
3.989239075839146921e-03
2.145875080070592297e-03
3.567270535910674768e-03
1.391352722356582576e-02
1.391352722356582576e-02
1.391352722356582576e-02
0.000000000000000000e+00
1.275470396567302510e-02
1.275470396567302510e-02
5.819619809724847770e-03
5.819619809724847770e-03
0.000000000000000000e+00
0.000000000000000000e+00
0.000000000000000000e+00
0.000000000000000000e+00
0.000000000000000000e+00
0.000000000000000000e+00
0.000000000000000000e+00
0.000000000000000000e+00
3.006039299975536358e-02
3.399322358552132189e-02
1.652912409649073128e-02
1.652912409649073128e-02
1.652912409649073128e-02
1.652912409649073128e-02
1.881639801313417931e-02
1.204386923090576891e-02
1.204386923090576891e-02
1.204386923090576891e-02
1.204386923090576891e-02
1.204386923090576891e-02
1.204386923090576891e-02
1.204386923090576891e-02
1.204386923090576891e-02
3.844011078888525529e-02
3.844011078888525529e-02
3.844011078888525529e-02
3.844011078888525529e-02
1.118700591299573964e-02
1.118700591299573964e-02
1.118700591299573964e-02
1.118700591299573964e-02
1.118700591299573964e-02
1.118700591299573964e-02
1.118700591299573964e-02
1.118700591299573964e-02
1.118700591299573964e-02
1.118700591299573964e-02
1.118700591299573964e-02
8.993624649696812384e-03
8.993624649696812384e-03
8.993624649696812384e-03
2.696387463259778197e-02
2.696387463259778197e-02
2.696387463259778197e-02
4.203063968301911681e-03
4.203063968301911681e-03
1.093590165100202143e-03
7.888393739853899120e-03
7.888393739853899120e-03
7.888393739853899120e-03
7.888393739853899120e-03
8.197816913809108375e-03
1.637214368780819801e-02
1.637214368780819801e-02
1.637214368780819801e-02
1.637214368780819801e-02
1.637214368780819801e-02
1.637214368780819801e-02
1.637214368780819801e-02
1.637214368780819801e-02
1.731147896679907303e-02
1.731147896679907303e-02
1.731147896679907303e-02
2.145875080070592297e-03
2.145875080070592297e-03
8.705873146971427256e-04
1.414717383158674291e-02
1.414717383158674291e-02
1.414717383158674291e-02
1.113877417623579565e-02
5.860727209004277681e-04
5.860727209004277681e-04
1.545567018439524855e-02
1.545567018439524855e-02
1.113877417623579565e-02
1.113877417623579565e-02
1.113877417623579565e-02
7.315526724872590050e-03
7.315526724872590050e-03
7.315526724872590050e-03
7.315526724872590050e-03
4.236028996734165358e-02
4.068038244425662558e-02
4.068038244425662558e-02
3.212153216874592213e-03
4.641496196227232543e-03
4.641496196227232543e-03
3.554442116659967815e-02
4.236028996734165358e-02
3.892309815619172941e-02
3.554442116659967815e-02
3.554442116659967815e-02
3.554442116659967815e-02
3.554442116659967815e-02
6.913982603851230244e-03
3.212153216874592213e-03
3.016408738723728392e-03
6.913982603851230244e-03
6.913982603851230244e-03
6.913982603851230244e-03
6.913982603851230244e-03
6.913982603851230244e-03
6.913982603851230244e-03
0.000000000000000000e+00
0.000000000000000000e+00
0.000000000000000000e+00
0.000000000000000000e+00
0.000000000000000000e+00
0.000000000000000000e+00
0.000000000000000000e+00
0.000000000000000000e+00
3.508759707863468025e-02
3.511224392783310333e-02
3.511224392783310333e-02
3.508759707863468025e-02
1.640475900987093923e-03
1.501801143241404722e-03
1.501801143241404722e-03
1.501801143241404722e-03
0.000000000000000000e+00
0.000000000000000000e+00
0.000000000000000000e+00
0.000000000000000000e+00
0.000000000000000000e+00
0.000000000000000000e+00
1.182529158255757676e-02
1.320180313726529095e-02
2.833605466876270174e-03
0.000000000000000000e+00
0.000000000000000000e+00
0.000000000000000000e+00
0.000000000000000000e+00
0.000000000000000000e+00
0.000000000000000000e+00
0.000000000000000000e+00
0.000000000000000000e+00
2.502305059500337450e-02
2.502305059500337450e-02
2.502305059500337450e-02
2.502305059500337450e-02
2.502305059500337450e-02
2.502305059500337450e-02
2.502305059500337450e-02
2.502305059500337450e-02
2.502305059500337450e-02
2.502305059500337450e-02
2.502305059500337450e-02
2.502305059500337450e-02
2.502305059500337450e-02
3.400031687778950953e-03
3.400031687778950953e-03
3.400031687778950953e-03
2.047260155755692746e-05
2.047260155755692746e-05
3.962607212873218293e-02
7.936166130662392071e-03
7.936166130662392071e-03
7.936166130662392071e-03
7.936166130662392071e-03
6.569492279720133901e-03
7.936166130662392071e-03
0.000000000000000000e+00
0.000000000000000000e+00
7.204657992438643146e-03
7.204657992438643146e-03
7.204657992438643146e-03
7.204657992438643146e-03
7.204657992438643146e-03
7.204657992438643146e-03
1.926592007420627889e-02
0.000000000000000000e+00
1.926592007420627889e-02
1.926592007420627889e-02
1.926592007420627889e-02
1.926592007420627889e-02
1.926592007420627889e-02
1.926592007420627889e-02
1.926592007420627889e-02
1.926592007420627889e-02
1.926592007420627889e-02
2.147900837143781536e-02
1.079861670643683701e-03
1.079861670643683701e-03
4.853936117114004793e-04
1.417317420783863711e-02
1.417317420783863711e-02
1.417317420783863711e-02
1.417317420783863711e-02
1.417317420783863711e-02
1.417317420783863711e-02
1.182529158255757676e-02
1.182529158255757676e-02
1.182529158255757676e-02
1.182529158255757676e-02
3.006039299975536358e-02
3.006039299975536358e-02
2.970156873356195795e-03
2.970156873356195795e-03
1.797898814656094177e-02
1.797898814656094177e-02
1.797898814656094177e-02
1.797898814656094177e-02
1.797898814656094177e-02
1.797898814656094177e-02
1.797898814656094177e-02
1.797898814656094177e-02
1.797898814656094177e-02
1.797898814656094177e-02
1.093590165100202143e-03
4.256962404862034074e-03
4.256962404862034074e-03
4.256962404862034074e-03
4.256962404862034074e-03
4.256962404862034074e-03
2.782879719328788803e-02
2.782879719328788803e-02
2.782879719328788803e-02
2.782879719328788803e-02
2.238340300222164958e-02
2.238340300222164958e-02
2.238340300222164958e-02
2.238340300222164958e-02
2.238340300222164958e-02
2.238340300222164958e-02
2.238340300222164958e-02
7.932634854934745433e-03
9.569621211284719264e-03
9.569621211284719264e-03
1.093590165100202143e-03
1.093590165100202143e-03
1.093590165100202143e-03
1.093590165100202143e-03
1.093590165100202143e-03
1.093590165100202143e-03
1.093590165100202143e-03
1.093590165100202143e-03
1.093590165100202143e-03
1.093590165100202143e-03
1.093590165100202143e-03
1.524960463234591428e-03
1.524960463234591428e-03
1.640475900987093923e-03
7.932634854934745433e-03
6.195419730975668636e-04
6.195419730975668636e-04
6.195419730975668636e-04
6.195419730975668636e-04
6.195419730975668636e-04
6.195419730975668636e-04
3.378032895316500361e-02
3.378032895316500361e-02
2.140523696224648151e-02
2.140523696224648151e-02
2.140523696224648151e-02
2.140523696224648151e-02
2.140523696224648151e-02
2.140523696224648151e-02
2.140523696224648151e-02
2.140523696224648151e-02
2.140523696224648151e-02
2.140523696224648151e-02
2.140523696224648151e-02
2.669752065933059595e-02
6.569492279720133901e-03
6.569492279720133901e-03
6.569492279720133901e-03
2.135081565728505493e-02
2.135081565728505493e-02
3.962607212873218293e-02
2.340174072465096150e-02
2.340174072465096150e-02
2.340174072465096150e-02
2.340174072465096150e-02
2.277075368417154789e-03
3.529195926285884095e-03
5.843312965714572010e-02
5.843312965714572010e-02
5.843312965714572010e-02
0.000000000000000000e+00
0.000000000000000000e+00
2.564387240700129189e-02
2.564387240700129189e-02
0.000000000000000000e+00
0.000000000000000000e+00
7.206021729007926029e-03
3.191799097948556235e-02
3.191799097948556235e-02
0.000000000000000000e+00
0.000000000000000000e+00
1.945180392873444367e-02
1.945180392873444367e-02
0.000000000000000000e+00
0.000000000000000000e+00
1.999520174353393645e-02
1.999520174353393645e-02
1.999520174353393645e-02
1.999520174353393645e-02
1.999520174353393645e-02
2.147900837143781536e-02
2.147900837143781536e-02
2.147900837143781536e-02
2.147900837143781536e-02
2.147900837143781536e-02
3.962607212873218293e-02
1.157932922185027184e-02
1.157932922185027184e-02
1.157932922185027184e-02
1.157932922185027184e-02
1.157932922185027184e-02
1.157932922185027184e-02
1.157932922185027184e-02
1.157932922185027184e-02
1.157932922185027184e-02
1.157932922185027184e-02
0.000000000000000000e+00
0.000000000000000000e+00
0.000000000000000000e+00
1.776590172268026693e-02
1.776590172268026693e-02
1.776590172268026693e-02
3.752266024348257980e-03
7.932634854934745433e-03
1.245303196676034695e-02
1.245303196676034695e-02
1.881639801313417931e-02
8.705873146971427256e-04
8.705873146971427256e-04
1.040832192043281840e-02
0.000000000000000000e+00
0.000000000000000000e+00
0.000000000000000000e+00
3.116378791344280412e-03
3.116378791344280412e-03
0.000000000000000000e+00
0.000000000000000000e+00
0.000000000000000000e+00
0.000000000000000000e+00
0.000000000000000000e+00
0.000000000000000000e+00
0.000000000000000000e+00
0.000000000000000000e+00
3.249906549415997048e-02
2.291697281135119182e-02
2.291697281135119182e-02
3.950107385698542993e-03
3.950107385698542993e-03
3.950107385698542993e-03
3.950107385698542993e-03
3.950107385698542993e-03
3.950107385698542993e-03
0.000000000000000000e+00
0.000000000000000000e+00
9.090943877178757349e-03
9.090943877178757349e-03
9.090943877178757349e-03
9.090943877178757349e-03
0.000000000000000000e+00
0.000000000000000000e+00
0.000000000000000000e+00
0.000000000000000000e+00
2.824642619190274179e-03
2.824642619190274179e-03
2.824642619190274179e-03
2.824642619190274179e-03
2.824642619190274179e-03
2.824642619190274179e-03
2.824642619190274179e-03
2.824642619190274179e-03
2.824642619190274179e-03
2.824642619190274179e-03
5.504361379969533591e-02
1.182427181820066946e-02
1.182427181820066946e-02
1.182427181820066946e-02
1.182427181820066946e-02
8.259416231533246028e-03
8.259416231533246028e-03
8.259416231533246028e-03
0.000000000000000000e+00
0.000000000000000000e+00
1.575149293820581227e-03
6.694731120378842951e-03
3.529195926285884095e-03
3.529195926285884095e-03
1.575149293820581227e-03
1.575149293820581227e-03
