9.089485573726505119e-03
9.089485573726505119e-03
9.089485573726505119e-03
9.089485573726505119e-03
9.089485573726505119e-03
9.089485573726505119e-03
9.089485573726505119e-03
9.089485573726505119e-03
9.089485573726505119e-03
9.089485573726505119e-03
9.089485573726505119e-03
9.089485573726505119e-03
9.089485573726505119e-03
9.089485573726505119e-03
9.089485573726505119e-03
4.753587713115958735e-03
7.448196963055746939e-03
7.448196963055746939e-03
7.448196963055746939e-03
7.448196963055746939e-03
7.448196963055746939e-03
7.448196963055746939e-03
7.448196963055746939e-03
7.448196963055746939e-03
3.655050497752240540e-04
3.655050497752240540e-04
3.655050497752240540e-04
3.655050497752240540e-04
3.655050497752240540e-04
3.655050497752240540e-04
3.655050497752240540e-04
3.655050497752240540e-04
3.655050497752240540e-04
3.655050497752240540e-04
3.655050497752240540e-04
1.864673226453494870e-02
1.171047110124717738e-02
1.171047110124717738e-02
1.267398869382319222e-02
3.186446182932626409e-02
3.186446182932626409e-02
3.186446182932626409e-02
3.186446182932626409e-02
3.186446182932626409e-02
3.186446182932626409e-02
3.186446182932626409e-02
3.186446182932626409e-02
3.186446182932626409e-02
3.186446182932626409e-02
5.279917003379463666e-03
6.827073023923654199e-03
6.827073023923654199e-03
6.827073023923654199e-03
6.827073023923654199e-03
5.057187739192523478e-03
6.827073023923654199e-03
5.057187739192523478e-03
1.087283453161213068e-02
1.864673226453494870e-02
1.864673226453494870e-02
1.864673226453494870e-02
5.279917003379463666e-03
5.279917003379463666e-03
9.639242758839861730e-03
9.639242758839861730e-03
9.639242758839861730e-03
9.639242758839861730e-03
9.639242758839861730e-03
9.639242758839861730e-03
9.639242758839861730e-03
9.639242758839861730e-03
9.639242758839861730e-03
9.639242758839861730e-03
9.639242758839861730e-03
1.267398869382319222e-02
1.267398869382319222e-02
1.087283453161213068e-02
1.087283453161213068e-02
1.087283453161213068e-02
1.087283453161213068e-02
1.257384194445322623e-02
1.257384194445322623e-02
1.257384194445322623e-02
1.257384194445322623e-02
1.257384194445322623e-02
1.257384194445322623e-02
1.257384194445322623e-02
1.257384194445322623e-02
1.257384194445322623e-02
1.257384194445322623e-02
1.257384194445322623e-02
1.257384194445322623e-02
1.257384194445322623e-02
4.753587713115958735e-03
4.753587713115958735e-03
