6.750155510882497635e-03
6.750155510882497635e-03
6.750155510882497635e-03
6.750155510882497635e-03
6.750155510882497635e-03
6.750155510882497635e-03
6.750155510882497635e-03
6.750155510882497635e-03
6.750155510882497635e-03
6.750155510882497635e-03
6.750155510882497635e-03
6.750155510882497635e-03
6.750155510882497635e-03
1.331128140570310946e-02
1.613964349550512517e-02
1.613964349550512517e-02
1.613964349550512517e-02
1.613964349550512517e-02
7.005786052183491860e-03
7.005786052183491860e-03
7.005786052183491860e-03
7.005786052183491860e-03
7.005786052183491860e-03
7.005786052183491860e-03
7.005786052183491860e-03
7.005786052183491860e-03
7.005786052183491860e-03
7.005786052183491860e-03
7.005786052183491860e-03
3.046072261603050783e-03
3.385076177855089047e-03
3.385076177855089047e-03
3.385076177855089047e-03
3.385076177855089047e-03
1.814397274185919340e-02
1.281637099237315468e-02
1.281637099237315468e-02
1.281637099237315468e-02
1.281637099237315468e-02
1.281637099237315468e-02
1.281637099237315468e-02
7.516170574989654816e-03
7.516170574989654816e-03
7.516170574989654816e-03
7.516170574989654816e-03
7.516170574989654816e-03
7.516170574989654816e-03
7.516170574989654816e-03
7.516170574989654816e-03
7.516170574989654816e-03
7.516170574989654816e-03
7.516170574989654816e-03
7.516170574989654816e-03
7.516170574989654816e-03
7.516170574989654816e-03
7.516170574989654816e-03
1.840613578295157316e-04
1.840613578295157316e-04
1.840613578295157316e-04
1.840613578295157316e-04
1.840613578295157316e-04
1.840613578295157316e-04
1.840613578295157316e-04
1.840613578295157316e-04
1.840613578295157316e-04
1.840613578295157316e-04
1.840613578295157316e-04
1.401473049142077168e-02
1.401473049142077168e-02
1.401473049142077168e-02
1.401473049142077168e-02
1.401473049142077168e-02
1.401473049142077168e-02
1.401473049142077168e-02
1.401473049142077168e-02
1.401473049142077168e-02
1.401473049142077168e-02
1.401473049142077168e-02
1.401473049142077168e-02
1.401473049142077168e-02
1.401473049142077168e-02
1.401473049142077168e-02
1.401473049142077168e-02
1.401473049142077168e-02
1.225560920175838321e-02
1.225560920175838321e-02
1.225560920175838321e-02
1.225560920175838321e-02
1.225560920175838321e-02
1.225560920175838321e-02
1.225560920175838321e-02
1.225560920175838321e-02
1.225560920175838321e-02
1.225560920175838321e-02
1.225560920175838321e-02
1.331128140570310946e-02
1.331128140570310946e-02
1.331128140570310946e-02
1.331128140570310946e-02
1.331128140570310946e-02
1.331128140570310946e-02
9.563786629403091613e-03
9.563786629403091613e-03
9.563786629403091613e-03
9.563786629403091613e-03
9.563786629403091613e-03
9.563786629403091613e-03
9.563786629403091613e-03
9.563786629403091613e-03
9.563786629403091613e-03
9.563786629403091613e-03
9.563786629403091613e-03
9.563786629403091613e-03
9.563786629403091613e-03
9.563786629403091613e-03
9.563786629403091613e-03
9.563786629403091613e-03
9.563786629403091613e-03
3.338113900708833664e-03
3.338113900708833664e-03
3.338113900708833664e-03
3.338113900708833664e-03
3.338113900708833664e-03
3.338113900708833664e-03
3.338113900708833664e-03
3.338113900708833664e-03
3.338113900708833664e-03
3.338113900708833664e-03
3.338113900708833664e-03
3.338113900708833664e-03
3.338113900708833664e-03
3.338113900708833664e-03
3.338113900708833664e-03
3.338113900708833664e-03
3.338113900708833664e-03
3.338113900708833664e-03
3.338113900708833664e-03
3.046072261603050783e-03
3.046072261603050783e-03
3.046072261603050783e-03
3.046072261603050783e-03
3.046072261603050783e-03
3.046072261603050783e-03
3.046072261603050783e-03
3.046072261603050783e-03
1.327035829479155781e-03
1.021112040656493381e-03
1.021112040656493381e-03
1.021112040656493381e-03
1.021112040656493381e-03
1.021112040656493381e-03
1.021112040656493381e-03
1.021112040656493381e-03
1.021112040656493381e-03
1.021112040656493381e-03
1.021112040656493381e-03
1.721557894298270108e-02
1.814397274185919340e-02
1.721557894298270108e-02
0.000000000000000000e+00
0.000000000000000000e+00
0.000000000000000000e+00
0.000000000000000000e+00
0.000000000000000000e+00
0.000000000000000000e+00
0.000000000000000000e+00
0.000000000000000000e+00
0.000000000000000000e+00
0.000000000000000000e+00
0.000000000000000000e+00
0.000000000000000000e+00
0.000000000000000000e+00
0.000000000000000000e+00
0.000000000000000000e+00
0.000000000000000000e+00
0.000000000000000000e+00
2.290717662584582440e-02
2.290717662584582440e-02
2.290717662584582440e-02
2.290717662584582440e-02
2.290717662584582440e-02
2.290717662584582440e-02
2.290717662584582440e-02
2.290717662584582440e-02
2.290717662584582440e-02
2.290717662584582440e-02
2.290717662584582440e-02
7.544612185482522590e-03
7.544612185482522590e-03
7.544612185482522590e-03
7.544612185482522590e-03
7.544612185482522590e-03
7.544612185482522590e-03
7.544612185482522590e-03
7.544612185482522590e-03
7.544612185482522590e-03
7.544612185482522590e-03
7.544612185482522590e-03
1.049643471310120549e-02
3.154223650655135075e-02
3.154223650655135075e-02
3.154223650655135075e-02
3.154223650655135075e-02
1.049643471310120549e-02
6.567255176624808670e-03
6.567255176624808670e-03
7.900375313157974658e-03
4.754971762863742860e-03
4.754971762863742860e-03
1.044707051231557986e-02
1.977793888263580310e-02
1.977793888263580310e-02
1.977793888263580310e-02
1.977793888263580310e-02
1.977793888263580310e-02
1.977793888263580310e-02
3.976303095246786629e-03
3.996206215847858227e-03
3.976303095246786629e-03
3.976303095246786629e-03
3.976303095246786629e-03
3.976303095246786629e-03
3.976303095246786629e-03
3.976303095246786629e-03
3.976303095246786629e-03
3.996206215847858227e-03
0.000000000000000000e+00
0.000000000000000000e+00
0.000000000000000000e+00
6.393768947831709147e-03
6.393768947831709147e-03
6.393768947831709147e-03
6.393768947831709147e-03
6.393768947831709147e-03
6.393768947831709147e-03
6.393768947831709147e-03
6.393768947831709147e-03
6.393768947831709147e-03
6.393768947831709147e-03
6.393768947831709147e-03
6.393768947831709147e-03
6.393768947831709147e-03
0.000000000000000000e+00
0.000000000000000000e+00
0.000000000000000000e+00
0.000000000000000000e+00
0.000000000000000000e+00
0.000000000000000000e+00
0.000000000000000000e+00
0.000000000000000000e+00
0.000000000000000000e+00
0.000000000000000000e+00
0.000000000000000000e+00
2.136043802550974258e-02
6.491768427084871999e-03
6.491768427084871999e-03
5.716506366025623544e-03
1.387022294565141978e-02
1.387022294565141978e-02
1.888315212367102150e-04
4.670666613690969103e-03
4.670666613690969103e-03
4.670666613690969103e-03
4.670666613690969103e-03
4.670666613690969103e-03
4.670666613690969103e-03
4.670666613690969103e-03
4.670666613690969103e-03
1.018585939729986511e-02
5.655772078175064395e-03
5.655772078175064395e-03
5.655772078175064395e-03
5.655772078175064395e-03
5.655772078175064395e-03
5.655772078175064395e-03
5.365162902746200418e-03
5.365162902746200418e-03
5.365162902746200418e-03
5.365162902746200418e-03
5.365162902746200418e-03
5.365162902746200418e-03
5.365162902746200418e-03
5.365162902746200418e-03
5.365162902746200418e-03
5.365162902746200418e-03
5.365162902746200418e-03
3.171255959708053213e-02
1.388326022513206200e-03
1.388326022513206200e-03
1.388326022513206200e-03
1.388326022513206200e-03
1.388326022513206200e-03
1.388326022513206200e-03
1.888315212367102150e-04
1.888315212367102150e-04
2.908379150097208446e-02
2.426720547258172378e-02
2.426720547258172378e-02
2.908379150097208446e-02
0.000000000000000000e+00
0.000000000000000000e+00
0.000000000000000000e+00
0.000000000000000000e+00
0.000000000000000000e+00
0.000000000000000000e+00
2.925613705953948596e-02
3.269615256079942689e-02
3.269615256079942689e-02
3.269615256079942689e-02
3.269615256079942689e-02
0.000000000000000000e+00
0.000000000000000000e+00
2.925613705953948596e-02
2.687593193032532593e-02
2.687593193032532593e-02
2.687593193032532593e-02
2.687593193032532593e-02
2.687593193032532593e-02
2.687593193032532593e-02
5.496510147095913165e-03
7.900375313157974658e-03
7.900375313157974658e-03
7.900375313157974658e-03
0.000000000000000000e+00
7.562168591805472871e-03
7.562168591805472871e-03
7.562168591805472871e-03
7.562168591805472871e-03
2.135132048433337204e-02
1.550435270461073163e-02
1.550435270461073163e-02
1.550435270461073163e-02
1.550435270461073163e-02
1.550435270461073163e-02
1.550435270461073163e-02
1.550435270461073163e-02
1.550435270461073163e-02
7.403222870973845231e-03
1.489442259926313482e-02
1.489442259926313482e-02
1.489442259926313482e-02
1.489442259926313482e-02
1.489442259926313482e-02
1.489442259926313482e-02
2.925613705953948596e-02
2.925613705953948596e-02
2.925613705953948596e-02
2.925613705953948596e-02
2.925613705953948596e-02
2.343140081116584089e-02
7.329216644609717543e-03
7.329216644609717543e-03
7.417614739551722271e-03
1.018585939729986511e-02
2.136043802550974258e-02
2.136043802550974258e-02
2.136043802550974258e-02
2.136043802550974258e-02
2.136043802550974258e-02
2.136043802550974258e-02
2.136043802550974258e-02
2.136043802550974258e-02
5.430371682587650274e-03
1.397456418302518103e-03
1.397456418302518103e-03
3.953329089646870007e-03
3.953329089646870007e-03
3.953329089646870007e-03
3.953329089646870007e-03
3.953329089646870007e-03
3.953329089646870007e-03
3.953329089646870007e-03
3.953329089646870007e-03
3.953329089646870007e-03
3.953329089646870007e-03
3.953329089646870007e-03
3.953329089646870007e-03
3.953329089646870007e-03
1.991190554338040722e-02
3.307463758560146624e-03
3.307463758560146624e-03
3.307463758560146624e-03
3.307463758560146624e-03
3.307463758560146624e-03
3.307463758560146624e-03
3.307463758560146624e-03
3.307463758560146624e-03
7.242352927646118418e-03
2.574611065165174992e-03
2.574611065165174992e-03
2.574611065165174992e-03
2.574611065165174992e-03
4.132292799732602165e-04
2.574611065165174992e-03
2.574611065165174992e-03
2.574611065165174992e-03
2.669839426934044954e-02
2.669839426934044954e-02
2.669839426934044954e-02
2.669839426934044954e-02
2.669839426934044954e-02
2.669839426934044954e-02
2.669839426934044954e-02
2.669839426934044954e-02
2.669839426934044954e-02
2.669839426934044954e-02
2.669839426934044954e-02
2.669839426934044954e-02
2.669839426934044954e-02
2.669839426934044954e-02
2.669839426934044954e-02
9.105132248493583505e-03
9.105132248493583505e-03
9.105132248493583505e-03
9.105132248493583505e-03
9.105132248493583505e-03
9.105132248493583505e-03
9.105132248493583505e-03
9.105132248493583505e-03
9.105132248493583505e-03
9.105132248493583505e-03
9.105132248493583505e-03
3.566341837354386479e-02
2.962736033992485057e-02
2.962736033992485057e-02
2.962736033992485057e-02
2.962736033992485057e-02
2.962736033992485057e-02
2.962736033992485057e-02
2.962736033992485057e-02
2.962736033992485057e-02
5.863740136574063788e-03
2.208724364333787549e-02
2.208724364333787549e-02
2.208724364333787549e-02
2.208724364333787549e-02
2.380848816263942639e-04
2.380848816263942639e-04
2.380848816263942639e-04
2.380848816263942639e-04
2.380848816263942639e-04
5.069222578492057173e-03
2.380848816263942639e-04
2.380848816263942639e-04
2.380848816263942639e-04
1.792983527975397853e-02
2.064194775039898840e-04
2.064194775039898840e-04
2.178540700552144063e-02
1.400600307628075206e-02
1.400600307628075206e-02
1.428978802159939880e-02
2.361595744875323241e-02
2.361595744875323241e-02
2.361595744875323241e-02
2.361595744875323241e-02
2.361595744875323241e-02
2.361595744875323241e-02
1.792983527975397853e-02
1.792983527975397853e-02
1.792983527975397853e-02
1.792983527975397853e-02
1.792983527975397853e-02
1.792983527975397853e-02
1.792983527975397853e-02
1.792983527975397853e-02
2.343140081116584089e-02
2.343140081116584089e-02
2.343140081116584089e-02
2.343140081116584089e-02
2.343140081116584089e-02
2.343140081116584089e-02
2.343140081116584089e-02
2.343140081116584089e-02
0.000000000000000000e+00
0.000000000000000000e+00
1.681606109980005991e-03
6.086772791303803887e-01
6.086772791303803887e-01
6.086772791303803887e-01
6.086772791303803887e-01
3.439218169373882937e-03
3.439218169373882937e-03
3.439218169373882937e-03
3.439218169373882937e-03
3.439218169373882937e-03
3.439218169373882937e-03
3.439218169373882937e-03
3.439218169373882937e-03
3.439218169373882937e-03
3.439218169373882937e-03
3.439218169373882937e-03
1.118693682477125625e-02
7.448082554734394671e-03
7.448082554734394671e-03
7.448082554734394671e-03
7.448082554734394671e-03
1.428978802159939880e-02
1.428978802159939880e-02
1.428978802159939880e-02
1.428978802159939880e-02
0.000000000000000000e+00
3.171255959708053213e-02
1.339682648549157286e-02
9.235703367275267112e-03
9.235703367275267112e-03
9.235703367275267112e-03
9.235703367275267112e-03
9.235703367275267112e-03
9.235703367275267112e-03
7.416393397171311755e-03
4.142853284376630911e-03
4.142853284376630911e-03
4.142853284376630911e-03
4.142853284376630911e-03
4.142853284376630911e-03
4.142853284376630911e-03
4.142853284376630911e-03
4.142853284376630911e-03
4.142853284376630911e-03
4.142853284376630911e-03
4.142853284376630911e-03
4.142853284376630911e-03
4.142853284376630911e-03
4.142853284376630911e-03
4.142853284376630911e-03
4.142853284376630911e-03
0.000000000000000000e+00
0.000000000000000000e+00
0.000000000000000000e+00
0.000000000000000000e+00
0.000000000000000000e+00
0.000000000000000000e+00
0.000000000000000000e+00
0.000000000000000000e+00
0.000000000000000000e+00
2.178540700552144063e-02
6.963097298587589239e-03
2.178540700552144063e-02
2.178540700552144063e-02
2.178540700552144063e-02
2.178540700552144063e-02
6.963097298587589239e-03
1.199305716254376675e-03
1.199305716254376675e-03
1.199305716254376675e-03
1.199305716254376675e-03
1.199305716254376675e-03
1.199305716254376675e-03
1.199305716254376675e-03
2.219709370347688979e-03
1.199305716254376675e-03
1.480734840093618672e-02
1.524389276401202052e-02
1.524389276401202052e-02
1.524389276401202052e-02
1.524389276401202052e-02
1.099080143491938492e-02
1.524389276401202052e-02
1.927708532411749262e-02
1.927708532411749262e-02
1.927708532411749262e-02
1.416053613055658772e-02
1.927708532411749262e-02
1.927708532411749262e-02
1.927708532411749262e-02
1.545364519264055998e-02
1.545364519264055998e-02
1.545364519264055998e-02
1.545364519264055998e-02
1.545364519264055998e-02
1.545364519264055998e-02
1.545364519264055998e-02
1.545364519264055998e-02
1.545364519264055998e-02
1.545364519264055998e-02
1.545364519264055998e-02
8.222962388110328273e-04
6.646822357908217967e-03
6.646822357908217967e-03
1.274368543340111647e-02
2.156501181707914244e-02
2.156501181707914244e-02
1.339682648549157286e-02
2.156501181707914244e-02
2.156501181707914244e-02
2.156501181707914244e-02
2.156501181707914244e-02
2.156501181707914244e-02
2.219709370347688979e-03
7.242352927646118418e-03
7.242352927646118418e-03
5.716506366025623544e-03
5.863740136574063788e-03
6.535201241544095520e-03
8.806419047520984769e-03
8.806419047520984769e-03
8.806419047520984769e-03
8.806419047520984769e-03
8.806419047520984769e-03
8.806419047520984769e-03
8.806419047520984769e-03
8.806419047520984769e-03
0.000000000000000000e+00
0.000000000000000000e+00
0.000000000000000000e+00
0.000000000000000000e+00
0.000000000000000000e+00
0.000000000000000000e+00
1.416053613055658772e-02
1.416053613055658772e-02
1.416053613055658772e-02
0.000000000000000000e+00
0.000000000000000000e+00
0.000000000000000000e+00
0.000000000000000000e+00
0.000000000000000000e+00
0.000000000000000000e+00
0.000000000000000000e+00
0.000000000000000000e+00
0.000000000000000000e+00
0.000000000000000000e+00
0.000000000000000000e+00
0.000000000000000000e+00
0.000000000000000000e+00
0.000000000000000000e+00
0.000000000000000000e+00
0.000000000000000000e+00
0.000000000000000000e+00
0.000000000000000000e+00
0.000000000000000000e+00
5.426982151027091340e-03
5.426982151027091340e-03
5.426982151027091340e-03
5.426982151027091340e-03
5.426982151027091340e-03
5.426982151027091340e-03
5.426982151027091340e-03
5.426982151027091340e-03
5.426982151027091340e-03
5.426982151027091340e-03
5.426982151027091340e-03
0.000000000000000000e+00
8.222962388110328273e-04
8.222962388110328273e-04
8.222962388110328273e-04
8.222962388110328273e-04
8.222962388110328273e-04
4.400356349759078703e-03
1.145158107238589303e-02
1.145158107238589303e-02
1.145158107238589303e-02
1.145158107238589303e-02
2.320717384727160118e-02
1.529846074977580725e-02
1.529846074977580725e-02
0.000000000000000000e+00
5.934274771169496983e-03
5.934274771169496983e-03
5.934274771169496983e-03
5.934274771169496983e-03
5.934274771169496983e-03
5.934274771169496983e-03
5.934274771169496983e-03
5.934274771169496983e-03
1.339682648549157286e-02
2.692270914845195338e-03
6.086917534793058644e-03
6.086917534793058644e-03
1.954835407278197185e-02
7.204894076263197028e-03
7.204894076263197028e-03
7.204894076263197028e-03
7.204894076263197028e-03
2.736626243218695867e-02
7.204894076263197028e-03
0.000000000000000000e+00
4.570547256058637292e-02
4.570547256058637292e-02
4.570547256058637292e-02
4.570547256058637292e-02
4.570547256058637292e-02
4.570547256058637292e-02
4.570547256058637292e-02
4.570547256058637292e-02
4.570547256058637292e-02
4.570547256058637292e-02
1.681606109980005991e-03
1.338943953955217155e-02
1.338943953955217155e-02
0.000000000000000000e+00
0.000000000000000000e+00
5.716506366025623544e-03
0.000000000000000000e+00
3.758585592777732853e-02
3.758585592777732853e-02
3.758585592777732853e-02
3.758585592777732853e-02
3.758585592777732853e-02
3.758585592777732853e-02
3.758585592777732853e-02
3.758585592777732853e-02
3.758585592777732853e-02
3.758585592777732853e-02
3.758585592777732853e-02
3.758585592777732853e-02
0.000000000000000000e+00
0.000000000000000000e+00
2.736626243218695867e-02
2.497467853376214488e-03
2.497467853376214488e-03
2.497467853376214488e-03
2.497467853376214488e-03
2.497467853376214488e-03
8.593429248989103292e-03
2.497467853376214488e-03
1.317406415360131188e-03
1.317406415360131188e-03
1.317406415360131188e-03
1.317406415360131188e-03
1.317406415360131188e-03
2.301522017574619133e-02
1.317406415360131188e-03
9.126923589703224080e-03
0.000000000000000000e+00
0.000000000000000000e+00
8.593429248989103292e-03
8.593429248989103292e-03
8.593429248989103292e-03
2.692270914845195338e-03
9.126923589703224080e-03
9.126923589703224080e-03
9.126923589703224080e-03
9.126923589703224080e-03
9.126923589703224080e-03
0.000000000000000000e+00
1.348023945689211245e-03
1.348023945689211245e-03
7.146992129553188938e-03
1.348023945689211245e-03
2.135132048433337204e-02
2.135132048433337204e-02
1.118693682477125625e-02
1.118693682477125625e-02
1.118693682477125625e-02
1.118693682477125625e-02
1.118693682477125625e-02
1.118693682477125625e-02
2.908379150097208446e-02
2.908379150097208446e-02
2.908379150097208446e-02
6.529284117769934212e-03
1.779254610272195183e-02
1.779254610272195183e-02
1.779254610272195183e-02
1.779254610272195183e-02
1.779254610272195183e-02
1.779254610272195183e-02
0.000000000000000000e+00
5.311174200688583910e-03
5.311174200688583910e-03
5.311174200688583910e-03
5.311174200688583910e-03
5.311174200688583910e-03
5.311174200688583910e-03
5.311174200688583910e-03
5.311174200688583910e-03
5.311174200688583910e-03
5.311174200688583910e-03
5.311174200688583910e-03
5.311174200688583910e-03
1.681606109980005991e-03
1.681606109980005991e-03
1.871296720822386225e-02
3.566341837354386479e-02
3.566341837354386479e-02
3.566341837354386479e-02
3.566341837354386479e-02
1.051843161061544532e-03
2.692270914845195338e-03
2.692270914845195338e-03
2.692270914845195338e-03
2.692270914845195338e-03
1.051843161061544532e-03
1.871296720822386225e-02
1.954835407278197185e-02
1.954835407278197185e-02
1.327035829479155781e-03
1.327035829479155781e-03
7.146992129553188938e-03
7.146992129553188938e-03
7.146992129553188938e-03
6.535201241544095520e-03
6.535201241544095520e-03
0.000000000000000000e+00
0.000000000000000000e+00
1.099080143491938492e-02
1.480734840093618672e-02
1.480734840093618672e-02
0.000000000000000000e+00
0.000000000000000000e+00
0.000000000000000000e+00
3.703909776990547964e-02
3.703909776990547964e-02
1.132954536229143980e-02
7.139121548329323145e-05
7.139121548329323145e-05
7.139121548329323145e-05
7.139121548329323145e-05
7.139121548329323145e-05
7.139121548329323145e-05
7.139121548329323145e-05
7.139121548329323145e-05
0.000000000000000000e+00
9.073949056176937658e-03
1.153410748632015606e-02
1.153410748632015606e-02
4.400356349759078703e-03
4.400356349759078703e-03
4.400356349759078703e-03
4.400356349759078703e-03
4.400356349759078703e-03
4.400356349759078703e-03
5.069222578492057173e-03
5.430371682587650274e-03
5.430371682587650274e-03
5.430371682587650274e-03
5.430371682587650274e-03
5.430371682587650274e-03
5.430371682587650274e-03
5.430371682587650274e-03
5.430371682587650274e-03
9.073949056176937658e-03
5.430371682587650274e-03
1.426165219137087194e-02
1.208717805775791354e-02
1.208717805775791354e-02
1.208717805775791354e-02
1.208717805775791354e-02
1.208717805775791354e-02
1.208717805775791354e-02
7.416393397171311755e-03
7.416393397171311755e-03
2.301522017574619133e-02
3.352224621502743196e-02
3.352224621502743196e-02
0.000000000000000000e+00
0.000000000000000000e+00
6.417524153814403026e-03
6.417524153814403026e-03
6.417524153814403026e-03
6.417524153814403026e-03
6.417524153814403026e-03
6.417524153814403026e-03
6.417524153814403026e-03
6.417524153814403026e-03
6.417524153814403026e-03
6.417524153814403026e-03
6.417524153814403026e-03
7.417614739551722271e-03
7.417614739551722271e-03
0.000000000000000000e+00
0.000000000000000000e+00
7.403222870973845231e-03
8.169912418490040892e-03
8.169912418490040892e-03
8.169912418490040892e-03
8.169912418490040892e-03
8.169912418490040892e-03
8.169912418490040892e-03
8.169912418490040892e-03
8.169912418490040892e-03
1.426165219137087194e-02
1.307843082229592866e-03
1.307843082229592866e-03
1.132954536229143980e-02
1.132954536229143980e-02
1.132954536229143980e-02
1.132954536229143980e-02
0.000000000000000000e+00
0.000000000000000000e+00
5.496510147095913165e-03
5.496510147095913165e-03
5.496510147095913165e-03
5.496510147095913165e-03
2.320717384727160118e-02
2.464899203320201904e-02
2.464899203320201904e-02
6.529284117769934212e-03
4.317597243775273680e-03
4.317597243775273680e-03
4.317597243775273680e-03
4.317597243775273680e-03
1.010451231281377787e-02
1.991443921041352420e-03
1.991443921041352420e-03
0.000000000000000000e+00
0.000000000000000000e+00
0.000000000000000000e+00
0.000000000000000000e+00
0.000000000000000000e+00
0.000000000000000000e+00
1.044707051231557986e-02
1.044707051231557986e-02
1.044707051231557986e-02
1.044707051231557986e-02
7.403222870973845231e-03
1.991190554338040722e-02
1.991190554338040722e-02
5.871979041456480003e-03
0.000000000000000000e+00
0.000000000000000000e+00
1.049643471310120549e-02
1.049643471310120549e-02
1.049643471310120549e-02
5.871979041456480003e-03
5.871979041456480003e-03
5.871979041456480003e-03
5.871979041456480003e-03
5.871979041456480003e-03
5.871979041456480003e-03
5.871979041456480003e-03
5.871979041456480003e-03
0.000000000000000000e+00
0.000000000000000000e+00
0.000000000000000000e+00
2.320717384727160118e-02
1.010451231281377787e-02
1.426165219137087194e-02
4.132292799732602165e-04
1.274368543340111647e-02
1.274368543340111647e-02
6.529284117769934212e-03
0.000000000000000000e+00
0.000000000000000000e+00
