0.000000000000000000e+00
0.000000000000000000e+00
0.000000000000000000e+00
0.000000000000000000e+00
0.000000000000000000e+00
0.000000000000000000e+00
0.000000000000000000e+00
0.000000000000000000e+00
0.000000000000000000e+00
0.000000000000000000e+00
0.000000000000000000e+00
0.000000000000000000e+00
0.000000000000000000e+00
0.000000000000000000e+00
0.000000000000000000e+00
5.709680072656376365e-02
2.393288001108766563e-02
2.393288001108766563e-02
1.454772529020843808e-02
2.393288001108766563e-02
2.393288001108766563e-02
2.393288001108766563e-02
2.360118085928751552e-02
2.360118085928751552e-02
2.360118085928751552e-02
1.454772529020843808e-02
2.360118085928751552e-02
1.088576521610545508e-03
3.408218371341888847e-03
3.408218371341888847e-03
3.408218371341888847e-03
3.408218371341888847e-03
1.454772529020843808e-02
1.179971580348316597e-02
4.985462718132138010e-02
4.985462718132138010e-02
4.985462718132138010e-02
4.985462718132138010e-02
4.985462718132138010e-02
4.985462718132138010e-02
4.985462718132138010e-02
4.985462718132138010e-02
4.985462718132138010e-02
4.985462718132138010e-02
4.985462718132138010e-02
4.985462718132138010e-02
4.985462718132138010e-02
4.985462718132138010e-02
4.985462718132138010e-02
4.985462718132138010e-02
4.985462718132138010e-02
4.985462718132138010e-02
4.634074331256803417e-03
1.716157481582843754e-03
1.716157481582843754e-03
9.504155691438250647e-03
1.022774719660929713e-02
1.022774719660929713e-02
1.022774719660929713e-02
1.022774719660929713e-02
1.022774719660929713e-02
1.022774719660929713e-02
1.022774719660929713e-02
1.022774719660929713e-02
1.022774719660929713e-02
1.022774719660929713e-02
1.022774719660929713e-02
1.022774719660929713e-02
4.634074331256803417e-03
4.634074331256803417e-03
4.634074331256803417e-03
4.634074331256803417e-03
4.634074331256803417e-03
4.634074331256803417e-03
4.634074331256803417e-03
4.634074331256803417e-03
4.634074331256803417e-03
4.634074331256803417e-03
3.129753136427800009e-02
2.246023657076404514e-02
2.246023657076404514e-02
2.246023657076404514e-02
2.246023657076404514e-02
2.246023657076404514e-02
2.246023657076404514e-02
2.246023657076404514e-02
2.246023657076404514e-02
2.246023657076404514e-02
2.246023657076404514e-02
2.246023657076404514e-02
2.246023657076404514e-02
2.246023657076404514e-02
2.246023657076404514e-02
8.853732073238767056e-03
2.465420574041180110e-04
2.465420574041180110e-04
2.465420574041180110e-04
2.465420574041180110e-04
1.827302971444954433e-02
2.419835354830421077e-03
2.419835354830421077e-03
1.019449405491445158e-02
2.447394256556594330e-02
2.447394256556594330e-02
2.447394256556594330e-02
2.447394256556594330e-02
2.447394256556594330e-02
2.447394256556594330e-02
1.131583922869731224e-02
1.131583922869731224e-02
1.131583922869731224e-02
1.131583922869731224e-02
1.131583922869731224e-02
1.131583922869731224e-02
1.131583922869731224e-02
1.131583922869731224e-02
1.131583922869731224e-02
1.131583922869731224e-02
1.131583922869731224e-02
0.000000000000000000e+00
0.000000000000000000e+00
0.000000000000000000e+00
0.000000000000000000e+00
0.000000000000000000e+00
0.000000000000000000e+00
0.000000000000000000e+00
1.827302971444954433e-02
1.827302971444954433e-02
1.827302971444954433e-02
1.827302971444954433e-02
1.827302971444954433e-02
1.827302971444954433e-02
2.701092424553561133e-02
1.827302971444954433e-02
6.437947104002299248e-03
1.019449405491445158e-02
1.019449405491445158e-02
1.019449405491445158e-02
0.000000000000000000e+00
0.000000000000000000e+00
0.000000000000000000e+00
0.000000000000000000e+00
6.437947104002299248e-03
6.437947104002299248e-03
6.437947104002299248e-03
6.437947104002299248e-03
2.701092424553561133e-02
2.492080220867216866e-02
5.446762898464328935e-04
5.446762898464328935e-04
3.689998232014228221e-06
3.689998232014228221e-06
3.689998232014228221e-06
3.689998232014228221e-06
3.689998232014228221e-06
3.689998232014228221e-06
3.689998232014228221e-06
3.689998232014228221e-06
3.689998232014228221e-06
3.689998232014228221e-06
3.689998232014228221e-06
3.689998232014228221e-06
3.689998232014228221e-06
2.492080220867216866e-02
3.288507079948817073e-03
3.288507079948817073e-03
3.288507079948817073e-03
3.288507079948817073e-03
3.288507079948817073e-03
3.288507079948817073e-03
3.288507079948817073e-03
3.288507079948817073e-03
3.288507079948817073e-03
3.288507079948817073e-03
3.288507079948817073e-03
3.288507079948817073e-03
1.950787867458625164e-03
8.405473433546799267e-03
1.950787867458625164e-03
1.950787867458625164e-03
1.950787867458625164e-03
1.950787867458625164e-03
1.950787867458625164e-03
8.405473433546799267e-03
8.405473433546799267e-03
8.405473433546799267e-03
8.405473433546799267e-03
8.405473433546799267e-03
0.000000000000000000e+00
3.545011388828685911e-02
3.545011388828685911e-02
9.504155691438250647e-03
9.504155691438250647e-03
5.709680072656376365e-02
5.709680072656376365e-02
0.000000000000000000e+00
0.000000000000000000e+00
0.000000000000000000e+00
0.000000000000000000e+00
0.000000000000000000e+00
0.000000000000000000e+00
8.209618916391485388e-03
8.209618916391485388e-03
2.543371774890875250e-02
2.537297866877150088e-02
2.537297866877150088e-02
2.537297866877150088e-02
2.537297866877150088e-02
2.537297866877150088e-02
2.537297866877150088e-02
2.537297866877150088e-02
2.537297866877150088e-02
2.537297866877150088e-02
2.537297866877150088e-02
3.187146558786892875e-02
2.675853561064387570e-02
2.675853561064387570e-02
1.579806769917935921e-02
0.000000000000000000e+00
0.000000000000000000e+00
0.000000000000000000e+00
1.242716067147568888e-02
5.958085956387063412e-03
5.958085956387063412e-03
1.382298225663849273e-02
1.382298225663849273e-02
1.382298225663849273e-02
1.382298225663849273e-02
1.382298225663849273e-02
1.382298225663849273e-02
1.382298225663849273e-02
1.382298225663849273e-02
1.382298225663849273e-02
1.382298225663849273e-02
1.382298225663849273e-02
1.382298225663849273e-02
1.382298225663849273e-02
3.187146558786892875e-02
3.187146558786892875e-02
3.187146558786892875e-02
3.187146558786892875e-02
3.187146558786892875e-02
3.187146558786892875e-02
3.114281235004963400e-02
3.187146558786892875e-02
2.362653717422767002e-02
1.579806769917935921e-02
1.579806769917935921e-02
1.579806769917935921e-02
1.242716067147568888e-02
1.242716067147568888e-02
1.242716067147568888e-02
1.242716067147568888e-02
1.242716067147568888e-02
1.242716067147568888e-02
1.242716067147568888e-02
1.242716067147568888e-02
2.362653717422767002e-02
2.362653717422767002e-02
3.114281235004963400e-02
3.853467457239694721e-02
3.114281235004963400e-02
3.402229726725381626e-02
3.402229726725381626e-02
3.402229726725381626e-02
3.402229726725381626e-02
3.402229726725381626e-02
3.402229726725381626e-02
3.402229726725381626e-02
3.402229726725381626e-02
3.402229726725381626e-02
3.402229726725381626e-02
3.402229726725381626e-02
0.000000000000000000e+00
1.046591185773144408e-03
1.046591185773144408e-03
1.170000446855331590e-02
7.323246507347813336e-03
7.323246507347813336e-03
7.323246507347813336e-03
7.323246507347813336e-03
7.323246507347813336e-03
7.323246507347813336e-03
0.000000000000000000e+00
0.000000000000000000e+00
0.000000000000000000e+00
0.000000000000000000e+00
0.000000000000000000e+00
0.000000000000000000e+00
0.000000000000000000e+00
0.000000000000000000e+00
0.000000000000000000e+00
0.000000000000000000e+00
0.000000000000000000e+00
0.000000000000000000e+00
3.559273669136793494e-02
2.893789361066090998e-02
2.893789361066090998e-02
2.893789361066090998e-02
2.893789361066090998e-02
2.893789361066090998e-02
2.893789361066090998e-02
1.898441971575966572e-02
1.898441971575966572e-02
1.898441971575966572e-02
1.898441971575966572e-02
1.898441971575966572e-02
1.898441971575966572e-02
1.898441971575966572e-02
1.898441971575966572e-02
1.898441971575966572e-02
1.898441971575966572e-02
1.898441971575966572e-02
1.493793492956557939e-03
5.554690238466497565e-04
5.554690238466497565e-04
7.187883915196514005e-03
7.187883915196514005e-03
7.187883915196514005e-03
7.187883915196514005e-03
7.187883915196514005e-03
7.187883915196514005e-03
7.187883915196514005e-03
7.187883915196514005e-03
7.187883915196514005e-03
7.187883915196514005e-03
7.187883915196514005e-03
1.493793492956557939e-03
1.493793492956557939e-03
1.493793492956557939e-03
1.493793492956557939e-03
1.493793492956557939e-03
1.493793492956557939e-03
1.493793492956557939e-03
1.493793492956557939e-03
1.493793492956557939e-03
1.493793492956557939e-03
1.493793492956557939e-03
1.493793492956557939e-03
1.493793492956557939e-03
1.493793492956557939e-03
1.493793492956557939e-03
1.493793492956557939e-03
1.493793492956557939e-03
1.493793492956557939e-03
2.000978110051687339e-02
9.634916461022319592e-03
9.634916461022319592e-03
9.634916461022319592e-03
9.634916461022319592e-03
9.634916461022319592e-03
9.634916461022319592e-03
9.634916461022319592e-03
9.634916461022319592e-03
9.634916461022319592e-03
9.634916461022319592e-03
9.634916461022319592e-03
9.634916461022319592e-03
9.634916461022319592e-03
9.634916461022319592e-03
9.634916461022319592e-03
9.634916461022319592e-03
2.878988330665872147e-03
2.878988330665872147e-03
2.878988330665872147e-03
2.878988330665872147e-03
2.878988330665872147e-03
2.878988330665872147e-03
2.878988330665872147e-03
2.878988330665872147e-03
2.878988330665872147e-03
2.878988330665872147e-03
2.878988330665872147e-03
2.878988330665872147e-03
2.878988330665872147e-03
3.431361684469309316e-03
3.431361684469309316e-03
3.431361684469309316e-03
3.431361684469309316e-03
3.431361684469309316e-03
3.431361684469309316e-03
3.431361684469309316e-03
3.431361684469309316e-03
3.431361684469309316e-03
3.431361684469309316e-03
3.431361684469309316e-03
1.249726127673813194e-03
8.883673666695613563e-03
8.883673666695613563e-03
1.364395489198862166e-02
1.364395489198862166e-02
1.364395489198862166e-02
1.364395489198862166e-02
1.364395489198862166e-02
1.364395489198862166e-02
1.364395489198862166e-02
1.364395489198862166e-02
1.364395489198862166e-02
1.364395489198862166e-02
1.364395489198862166e-02
1.364395489198862166e-02
1.364395489198862166e-02
3.613826988101127846e-02
3.313629689060137301e-03
3.313629689060137301e-03
3.313629689060137301e-03
3.313629689060137301e-03
6.789341475840298540e-03
8.924419686917017466e-03
8.924419686917017466e-03
9.840370013191794205e-03
9.840370013191794205e-03
9.840370013191794205e-03
9.840370013191794205e-03
9.840370013191794205e-03
9.320165785129914254e-03
9.840370013191794205e-03
9.840370013191794205e-03
9.840370013191794205e-03
9.840370013191794205e-03
9.840370013191794205e-03
9.840370013191794205e-03
9.840370013191794205e-03
9.223986223545223989e-03
0.000000000000000000e+00
0.000000000000000000e+00
1.619252714451144964e-02
3.613826988101127846e-02
1.619252714451144964e-02
1.619252714451144964e-02
1.619252714451144964e-02
3.613826988101127846e-02
3.613826988101127846e-02
3.182560161507918661e-03
6.789341475840298540e-03
6.789341475840298540e-03
6.789341475840298540e-03
6.789341475840298540e-03
6.789341475840298540e-03
9.223986223545223989e-03
9.223986223545223989e-03
9.223986223545223989e-03
9.223986223545223989e-03
9.172253103588556139e-03
9.223986223545223989e-03
9.223986223545223989e-03
9.223986223545223989e-03
1.779299923112945270e-02
0.000000000000000000e+00
1.779299923112945270e-02
1.779299923112945270e-02
1.779299923112945270e-02
1.779299923112945270e-02
1.779299923112945270e-02
1.779299923112945270e-02
1.779299923112945270e-02
1.779299923112945270e-02
1.779299923112945270e-02
1.779299923112945270e-02
1.779299923112945270e-02
0.000000000000000000e+00
2.425857325170646672e-02
1.462292750054004602e-02
1.462292750054004602e-02
1.462292750054004602e-02
1.462292750054004602e-02
2.450321560116774933e-02
2.000452123879386049e-02
2.000452123879386049e-02
2.000452123879386049e-02
2.000452123879386049e-02
2.000452123879386049e-02
2.000452123879386049e-02
2.000452123879386049e-02
2.000452123879386049e-02
3.182560161507918661e-03
3.182560161507918661e-03
3.182560161507918661e-03
3.182560161507918661e-03
2.450321560116774933e-02
2.450321560116774933e-02
2.423800672589170382e-02
7.313310231796347691e-03
7.313310231796347691e-03
7.313310231796347691e-03
7.313310231796347691e-03
7.313310231796347691e-03
7.313310231796347691e-03
7.457722761230501339e-03
7.457722761230501339e-03
7.457722761230501339e-03
7.457722761230501339e-03
7.457722761230501339e-03
7.457722761230501339e-03
7.457722761230501339e-03
7.457722761230501339e-03
7.457722761230501339e-03
7.457722761230501339e-03
7.457722761230501339e-03
8.170729744139916192e-03
7.342181019784679678e-03
7.342181019784679678e-03
1.857361795934465987e-02
6.274344968944193385e-03
6.274344968944193385e-03
6.274344968944193385e-03
6.274344968944193385e-03
6.274344968944193385e-03
6.274344968944193385e-03
8.170729744139916192e-03
8.170729744139916192e-03
8.170729744139916192e-03
8.170729744139916192e-03
8.170729744139916192e-03
8.170729744139916192e-03
8.170729744139916192e-03
8.170729744139916192e-03
8.170729744139916192e-03
8.170729744139916192e-03
8.170729744139916192e-03
8.170729744139916192e-03
8.170729744139916192e-03
8.170729744139916192e-03
8.170729744139916192e-03
8.170729744139916192e-03
1.857361795934465987e-02
1.857361795934465987e-02
1.857361795934465987e-02
1.857361795934465987e-02
7.254989119190631422e-04
1.666326329224275191e-02
1.666326329224275191e-02
1.666326329224275191e-02
1.666326329224275191e-02
1.666326329224275191e-02
1.666326329224275191e-02
1.666326329224275191e-02
1.666326329224275191e-02
1.249726127673813194e-03
1.249726127673813194e-03
1.249726127673813194e-03
1.249726127673813194e-03
1.249726127673813194e-03
1.249726127673813194e-03
1.249726127673813194e-03
1.249726127673813194e-03
1.249726127673813194e-03
1.249726127673813194e-03
1.249726127673813194e-03
1.249726127673813194e-03
1.249726127673813194e-03
1.249726127673813194e-03
1.022449070991052547e-02
2.823272373783049585e-03
2.823272373783049585e-03
2.823272373783049585e-03
2.823272373783049585e-03
2.823272373783049585e-03
2.823272373783049585e-03
2.823272373783049585e-03
2.823272373783049585e-03
1.855530885746463354e-02
1.855530885746463354e-02
1.855530885746463354e-02
1.855530885746463354e-02
1.855530885746463354e-02
1.855530885746463354e-02
1.855530885746463354e-02
1.855530885746463354e-02
1.855530885746463354e-02
1.855530885746463354e-02
1.855530885746463354e-02
3.704788906057430997e-03
2.537845288836401356e-02
2.537845288836401356e-02
2.537845288836401356e-02
2.537845288836401356e-02
2.537845288836401356e-02
2.537845288836401356e-02
2.537845288836401356e-02
2.537845288836401356e-02
3.048368412397240920e-02
2.103787063336022556e-02
2.103787063336022556e-02
3.048368412397240920e-02
3.048368412397240920e-02
3.048368412397240920e-02
3.048368412397240920e-02
3.048368412397240920e-02
3.048368412397240920e-02
3.048368412397240920e-02
3.048368412397240920e-02
1.410539701409627318e-02
9.189193115623198529e-03
9.189193115623198529e-03
9.189193115623198529e-03
9.189193115623198529e-03
9.189193115623198529e-03
9.189193115623198529e-03
9.189193115623198529e-03
9.189193115623198529e-03
9.189193115623198529e-03
9.189193115623198529e-03
1.729978014447798931e-02
0.000000000000000000e+00
0.000000000000000000e+00
0.000000000000000000e+00
0.000000000000000000e+00
0.000000000000000000e+00
0.000000000000000000e+00
0.000000000000000000e+00
0.000000000000000000e+00
0.000000000000000000e+00
0.000000000000000000e+00
0.000000000000000000e+00
2.048907158965904141e-02
2.048907158965904141e-02
2.048907158965904141e-02
2.048907158965904141e-02
2.048907158965904141e-02
2.048907158965904141e-02
2.048907158965904141e-02
2.048907158965904141e-02
2.048907158965904141e-02
2.048907158965904141e-02
2.048907158965904141e-02
2.048907158965904141e-02
2.048907158965904141e-02
2.048907158965904141e-02
2.048907158965904141e-02
2.048907158965904141e-02
2.048907158965904141e-02
6.794580298719640754e-03
1.352675557628498816e-02
1.352675557628498816e-02
1.352675557628498816e-02
1.352675557628498816e-02
1.352675557628498816e-02
1.352675557628498816e-02
1.352675557628498816e-02
1.352675557628498816e-02
1.352675557628498816e-02
1.352675557628498816e-02
1.352675557628498816e-02
1.352675557628498816e-02
1.702974402018147398e-02
3.993556687871865907e-03
3.993556687871865907e-03
3.993556687871865907e-03
3.993556687871865907e-03
3.993556687871865907e-03
3.993556687871865907e-03
2.554828685307653814e-03
1.231978952924970595e-02
1.231978952924970595e-02
7.095085376424920855e-03
7.059926864975191521e-03
7.059926864975191521e-03
7.059926864975191521e-03
7.059926864975191521e-03
7.059926864975191521e-03
7.059926864975191521e-03
7.059926864975191521e-03
7.059926864975191521e-03
1.437615366616729756e-02
0.000000000000000000e+00
0.000000000000000000e+00
2.554828685307653814e-03
2.554828685307653814e-03
2.554828685307653814e-03
2.554828685307653814e-03
2.554828685307653814e-03
2.554828685307653814e-03
2.554828685307653814e-03
2.554828685307653814e-03
1.437615366616729756e-02
1.437615366616729756e-02
1.437615366616729756e-02
1.437615366616729756e-02
1.437615366616729756e-02
1.437615366616729756e-02
1.437615366616729756e-02
1.437615366616729756e-02
1.437615366616729756e-02
1.437615366616729756e-02
1.437615366616729756e-02
1.437615366616729756e-02
1.437615366616729756e-02
1.437615366616729756e-02
1.166515870930735083e-02
1.166515870930735083e-02
1.166515870930735083e-02
1.166515870930735083e-02
1.166515870930735083e-02
2.139521647372035276e-02
1.166515870930735083e-02
1.166515870930735083e-02
1.166515870930735083e-02
1.166515870930735083e-02
1.166515870930735083e-02
2.139521647372035276e-02
1.402882207008070321e-02
8.542204911308144688e-03
8.542204911308144688e-03
8.542204911308144688e-03
8.542204911308144688e-03
8.542204911308144688e-03
8.542204911308144688e-03
8.542204911308144688e-03
8.542204911308144688e-03
1.891113910097535697e-02
1.130723665369852242e-02
1.130723665369852242e-02
1.130723665369852242e-02
1.130723665369852242e-02
1.130723665369852242e-02
1.130723665369852242e-02
1.130723665369852242e-02
1.130723665369852242e-02
2.180280987601412260e-03
0.000000000000000000e+00
0.000000000000000000e+00
0.000000000000000000e+00
0.000000000000000000e+00
0.000000000000000000e+00
0.000000000000000000e+00
0.000000000000000000e+00
0.000000000000000000e+00
0.000000000000000000e+00
0.000000000000000000e+00
3.278848882729511194e-02
5.368698295240035417e-02
5.368698295240035417e-02
5.368698295240035417e-02
5.368698295240035417e-02
5.368698295240035417e-02
5.368698295240035417e-02
2.001694536348123249e-02
2.001694536348123249e-02
2.001694536348123249e-02
2.001694536348123249e-02
2.001694536348123249e-02
2.001694536348123249e-02
2.001694536348123249e-02
2.001694536348123249e-02
2.001694536348123249e-02
2.001694536348123249e-02
2.001694536348123249e-02
1.891113910097535697e-02
1.891113910097535697e-02
1.891113910097535697e-02
1.891113910097535697e-02
3.677748582879858397e-02
3.677748582879858397e-02
3.677748582879858397e-02
3.677748582879858397e-02
3.677748582879858397e-02
3.677748582879858397e-02
3.677748582879858397e-02
3.677748582879858397e-02
3.677748582879858397e-02
3.677748582879858397e-02
3.677748582879858397e-02
3.677748582879858397e-02
3.677748582879858397e-02
4.141662731699367710e-03
1.499839175951014555e-02
1.499839175951014555e-02
1.499839175951014555e-02
1.499839175951014555e-02
1.499839175951014555e-02
1.499839175951014555e-02
1.284418289669666396e-02
1.284418289669666396e-02
1.284418289669666396e-02
1.284418289669666396e-02
1.284418289669666396e-02
1.284418289669666396e-02
1.284418289669666396e-02
1.284418289669666396e-02
1.284418289669666396e-02
1.284418289669666396e-02
1.284418289669666396e-02
1.284418289669666396e-02
1.284418289669666396e-02
1.464876466354512845e-02
4.009486766096947985e-02
4.009486766096947985e-02
4.009486766096947985e-02
4.009486766096947985e-02
4.009486766096947985e-02
4.009486766096947985e-02
0.000000000000000000e+00
0.000000000000000000e+00
0.000000000000000000e+00
0.000000000000000000e+00
0.000000000000000000e+00
0.000000000000000000e+00
1.242642970297232717e-02
0.000000000000000000e+00
4.498793041966759124e-03
4.498793041966759124e-03
4.498793041966759124e-03
4.498793041966759124e-03
4.498793041966759124e-03
4.498793041966759124e-03
4.498793041966759124e-03
4.498793041966759124e-03
4.498793041966759124e-03
4.498793041966759124e-03
4.498793041966759124e-03
5.855210648559157349e-02
1.464876466354512845e-02
1.464876466354512845e-02
1.464876466354512845e-02
1.464876466354512845e-02
1.464876466354512845e-02
9.129597833206137478e-03
0.000000000000000000e+00
0.000000000000000000e+00
0.000000000000000000e+00
5.855210648559157349e-02
5.855210648559157349e-02
5.855210648559157349e-02
5.855210648559157349e-02
9.129597833206137478e-03
9.129597833206137478e-03
9.129597833206137478e-03
9.129597833206137478e-03
0.000000000000000000e+00
0.000000000000000000e+00
0.000000000000000000e+00
4.619579980767970703e-03
4.619579980767970703e-03
4.619579980767970703e-03
4.619579980767970703e-03
4.619579980767970703e-03
4.619579980767970703e-03
4.619579980767970703e-03
4.619579980767970703e-03
4.619579980767970703e-03
4.619579980767970703e-03
4.619579980767970703e-03
4.619579980767970703e-03
4.619579980767970703e-03
4.619579980767970703e-03
4.619579980767970703e-03
0.000000000000000000e+00
0.000000000000000000e+00
0.000000000000000000e+00
0.000000000000000000e+00
0.000000000000000000e+00
0.000000000000000000e+00
0.000000000000000000e+00
0.000000000000000000e+00
0.000000000000000000e+00
2.620537002288809980e-02
2.620537002288809980e-02
2.620537002288809980e-02
2.620537002288809980e-02
2.620537002288809980e-02
2.620537002288809980e-02
2.620537002288809980e-02
2.620537002288809980e-02
2.620537002288809980e-02
2.620537002288809980e-02
2.620537002288809980e-02
7.212021567298242987e-03
1.720021716783204369e-02
1.720021716783204369e-02
3.444135427953141232e-02
1.594318599911604892e-02
1.594318599911604892e-02
1.594318599911604892e-02
1.594318599911604892e-02
1.170000446855331590e-02
1.170000446855331590e-02
1.170000446855331590e-02
1.170000446855331590e-02
3.444135427953141232e-02
3.444135427953141232e-02
3.444135427953141232e-02
3.444135427953141232e-02
3.444135427953141232e-02
3.444135427953141232e-02
7.846913025004823364e-03
2.892318102887774314e-03
2.892318102887774314e-03
2.892318102887774314e-03
2.892318102887774314e-03
2.892318102887774314e-03
2.892318102887774314e-03
0.000000000000000000e+00
0.000000000000000000e+00
0.000000000000000000e+00
1.359104167282294134e-02
1.359104167282294134e-02
1.359104167282294134e-02
1.359104167282294134e-02
1.359104167282294134e-02
1.359104167282294134e-02
1.359104167282294134e-02
1.464753847208360472e-02
1.359104167282294134e-02
1.359104167282294134e-02
1.359104167282294134e-02
7.846913025004823364e-03
7.846913025004823364e-03
7.846913025004823364e-03
7.846913025004823364e-03
5.984110735908976936e-03
2.076644905989697646e-03
2.076644905989697646e-03
2.076644905989697646e-03
2.076644905989697646e-03
2.076644905989697646e-03
2.076644905989697646e-03
2.076644905989697646e-03
2.076644905989697646e-03
2.076644905989697646e-03
2.076644905989697646e-03
2.299770838648029087e-02
5.251842114379615123e-02
5.251842114379615123e-02
3.954569266514786074e-02
2.474624195387128966e-02
2.474624195387128966e-02
2.474624195387128966e-02
2.474624195387128966e-02
2.474624195387128966e-02
2.474624195387128966e-02
3.923053326546151187e-02
2.026594221570245102e-02
2.026594221570245102e-02
2.299770838648029087e-02
2.299770838648029087e-02
2.299770838648029087e-02
2.299770838648029087e-02
2.299770838648029087e-02
2.299770838648029087e-02
2.299770838648029087e-02
2.299770838648029087e-02
9.843848171420189336e-03
9.843848171420189336e-03
9.843848171420189336e-03
9.843848171420189336e-03
9.843848171420189336e-03
9.843848171420189336e-03
9.843848171420189336e-03
9.843848171420189336e-03
9.843848171420189336e-03
9.843848171420189336e-03
9.843848171420189336e-03
3.954569266514786074e-02
3.954569266514786074e-02
3.954569266514786074e-02
3.954569266514786074e-02
3.559273669136793494e-02
3.559273669136793494e-02
3.559273669136793494e-02
3.559273669136793494e-02
2.605197230527750082e-02
2.605197230527750082e-02
2.605197230527750082e-02
2.605197230527750082e-02
2.605197230527750082e-02
2.605197230527750082e-02
2.605197230527750082e-02
2.605197230527750082e-02
2.605197230527750082e-02
2.605197230527750082e-02
2.605197230527750082e-02
1.280747626021378101e-02
1.892986157306341885e-02
1.892986157306341885e-02
1.892986157306341885e-02
1.892986157306341885e-02
1.892986157306341885e-02
1.892986157306341885e-02
0.000000000000000000e+00
2.132646289453345168e-02
2.132646289453345168e-02
7.095085376424920855e-03
7.095085376424920855e-03
7.095085376424920855e-03
7.095085376424920855e-03
3.923053326546151187e-02
3.923053326546151187e-02
3.923053326546151187e-02
3.923053326546151187e-02
3.923053326546151187e-02
3.923053326546151187e-02
3.923053326546151187e-02
3.923053326546151187e-02
4.608612087677907421e-02
3.436172480550171021e-02
3.436172480550171021e-02
8.971963869835968344e-03
5.117205310957787835e-03
5.117205310957787835e-03
5.117205310957787835e-03
5.117205310957787835e-03
5.117205310957787835e-03
5.117205310957787835e-03
5.117205310957787835e-03
5.117205310957787835e-03
5.117205310957787835e-03
5.117205310957787835e-03
1.123824952228354677e-02
2.877568045428269706e-03
2.877568045428269706e-03
2.877568045428269706e-03
2.877568045428269706e-03
2.877568045428269706e-03
2.877568045428269706e-03
2.877568045428269706e-03
2.877568045428269706e-03
0.000000000000000000e+00
0.000000000000000000e+00
0.000000000000000000e+00
0.000000000000000000e+00
0.000000000000000000e+00
0.000000000000000000e+00
0.000000000000000000e+00
0.000000000000000000e+00
0.000000000000000000e+00
0.000000000000000000e+00
0.000000000000000000e+00
1.005084768489498959e-02
1.428694206961855263e-02
1.428694206961855263e-02
4.779551419633392556e-02
1.633428985877521250e-02
1.633428985877521250e-02
1.633428985877521250e-02
1.633428985877521250e-02
1.633428985877521250e-02
1.633428985877521250e-02
1.633428985877521250e-02
1.633428985877521250e-02
1.168970890695729230e-02
2.889454726012358893e-02
2.889454726012358893e-02
0.000000000000000000e+00
0.000000000000000000e+00
0.000000000000000000e+00
0.000000000000000000e+00
0.000000000000000000e+00
0.000000000000000000e+00
0.000000000000000000e+00
1.453484221887403616e-02
2.562179454201327523e-03
2.562179454201327523e-03
2.562179454201327523e-03
2.562179454201327523e-03
2.562179454201327523e-03
2.562179454201327523e-03
2.562179454201327523e-03
2.562179454201327523e-03
2.562179454201327523e-03
2.562179454201327523e-03
2.562179454201327523e-03
2.562179454201327523e-03
2.563627063469251649e-02
2.551243292242833319e-02
2.551243292242833319e-02
2.551243292242833319e-02
2.551243292242833319e-02
1.796868582180035810e-03
9.311542131842555012e-03
9.311542131842555012e-03
9.311542131842555012e-03
9.311542131842555012e-03
9.311542131842555012e-03
9.311542131842555012e-03
5.455013972479916783e-03
1.683401922870414458e-02
1.683401922870414458e-02
1.683401922870414458e-02
1.683401922870414458e-02
1.683401922870414458e-02
1.683401922870414458e-02
1.683401922870414458e-02
1.683401922870414458e-02
1.683401922870414458e-02
1.683401922870414458e-02
1.683401922870414458e-02
1.683401922870414458e-02
4.779805043365628614e-03
1.117179993422067266e-02
1.117179993422067266e-02
2.271144340464270606e-03
3.771916918659153246e-03
3.771916918659153246e-03
0.000000000000000000e+00
0.000000000000000000e+00
0.000000000000000000e+00
0.000000000000000000e+00
0.000000000000000000e+00
0.000000000000000000e+00
0.000000000000000000e+00
0.000000000000000000e+00
0.000000000000000000e+00
0.000000000000000000e+00
0.000000000000000000e+00
0.000000000000000000e+00
0.000000000000000000e+00
0.000000000000000000e+00
0.000000000000000000e+00
0.000000000000000000e+00
0.000000000000000000e+00
2.287385827166404581e-02
2.287385827166404581e-02
2.287385827166404581e-02
2.287385827166404581e-02
2.287385827166404581e-02
2.287385827166404581e-02
2.287385827166404581e-02
2.287385827166404581e-02
2.287385827166404581e-02
2.287385827166404581e-02
2.287385827166404581e-02
2.287385827166404581e-02
2.287385827166404581e-02
2.287385827166404581e-02
2.287385827166404581e-02
2.287385827166404581e-02
2.287385827166404581e-02
2.492080220867216866e-02
4.277839914678491229e-03
3.147554063378004124e-03
3.147554063378004124e-03
3.147554063378004124e-03
3.147554063378004124e-03
3.147554063378004124e-03
3.147554063378004124e-03
3.147554063378004124e-03
3.147554063378004124e-03
3.147554063378004124e-03
3.147554063378004124e-03
3.278848882729511194e-02
3.187000797791769702e-02
3.187000797791769702e-02
8.319983316212522725e-03
5.075678130899505779e-03
5.075678130899505779e-03
7.073908366250786922e-03
2.408194101898979839e-02
2.408194101898979839e-02
2.408194101898979839e-02
2.408194101898979839e-02
2.408194101898979839e-02
2.408194101898979839e-02
2.408194101898979839e-02
2.408194101898979839e-02
2.408194101898979839e-02
2.408194101898979839e-02
2.408194101898979839e-02
2.408194101898979839e-02
2.408194101898979839e-02
2.408194101898979839e-02
4.779805043365628614e-03
1.771114261232370826e-02
1.771114261232370826e-02
2.349829321092973891e-02
1.771114261232370826e-02
1.771114261232370826e-02
1.771114261232370826e-02
2.425857325170646672e-02
7.578678069984875251e-04
7.578678069984875251e-04
7.578678069984875251e-04
7.578678069984875251e-04
5.427322586481719141e-03
6.794580298719640754e-03
1.201069626099717652e-02
1.168970890695729230e-02
1.168970890695729230e-02
1.168970890695729230e-02
2.926609955316697084e-02
1.603467776220895286e-02
1.603467776220895286e-02
1.603467776220895286e-02
1.603467776220895286e-02
1.603467776220895286e-02
1.603467776220895286e-02
1.603467776220895286e-02
1.603467776220895286e-02
0.000000000000000000e+00
0.000000000000000000e+00
0.000000000000000000e+00
0.000000000000000000e+00
0.000000000000000000e+00
0.000000000000000000e+00
0.000000000000000000e+00
0.000000000000000000e+00
0.000000000000000000e+00
0.000000000000000000e+00
0.000000000000000000e+00
0.000000000000000000e+00
0.000000000000000000e+00
0.000000000000000000e+00
0.000000000000000000e+00
0.000000000000000000e+00
0.000000000000000000e+00
9.320165785129914254e-03
2.582013679998389558e-02
2.582013679998389558e-02
2.582013679998389558e-02
2.582013679998389558e-02
2.582013679998389558e-02
2.582013679998389558e-02
2.582013679998389558e-02
2.582013679998389558e-02
2.582013679998389558e-02
2.582013679998389558e-02
2.582013679998389558e-02
1.571496389513602279e-02
1.571496389513602279e-02
1.571496389513602279e-02
1.571496389513602279e-02
1.571496389513602279e-02
1.571496389513602279e-02
1.571496389513602279e-02
1.571496389513602279e-02
1.571496389513602279e-02
1.571496389513602279e-02
1.571496389513602279e-02
1.571496389513602279e-02
1.571496389513602279e-02
5.461114797403535115e-03
5.461114797403535115e-03
5.461114797403535115e-03
5.461114797403535115e-03
5.461114797403535115e-03
5.461114797403535115e-03
5.461114797403535115e-03
5.461114797403535115e-03
5.461114797403535115e-03
5.461114797403535115e-03
5.461114797403535115e-03
4.945189626797373561e-03
1.975251664933840978e-03
1.975251664933840978e-03
1.975251664933840978e-03
1.975251664933840978e-03
1.975251664933840978e-03
1.975251664933840978e-03
8.687681013508983044e-03
8.687681013508983044e-03
8.687681013508983044e-03
8.687681013508983044e-03
8.687681013508983044e-03
8.687681013508983044e-03
8.687681013508983044e-03
8.687681013508983044e-03
8.687681013508983044e-03
8.687681013508983044e-03
8.687681013508983044e-03
8.687681013508983044e-03
8.687681013508983044e-03
8.687681013508983044e-03
8.687681013508983044e-03
8.687681013508983044e-03
8.687681013508983044e-03
8.687681013508983044e-03
8.687681013508983044e-03
2.721088073083479785e-03
8.319983316212522725e-03
1.271657677356471429e-02
2.122345069540620965e-02
2.122345069540620965e-02
2.122345069540620965e-02
2.122345069540620965e-02
6.419523729826383251e-03
3.726551032507388096e-03
2.085043628750824374e-03
2.085043628750824374e-03
2.085043628750824374e-03
2.085043628750824374e-03
2.085043628750824374e-03
3.726551032507388096e-03
9.741815690230229766e-03
1.540253939525798848e-03
1.540253939525798848e-03
1.854221653318765270e-03
3.131494493206993333e-03
3.131494493206993333e-03
3.131494493206993333e-03
3.131494493206993333e-03
3.131494493206993333e-03
3.131494493206993333e-03
3.131494493206993333e-03
3.131494493206993333e-03
1.036591567811491477e-02
1.629083254358891942e-03
1.629083254358891942e-03
1.629083254358891942e-03
1.629083254358891942e-03
1.629083254358891942e-03
1.629083254358891942e-03
1.388616548655500701e-02
3.200022845875550442e-03
3.200022845875550442e-03
3.200022845875550442e-03
3.200022845875550442e-03
3.200022845875550442e-03
3.200022845875550442e-03
3.200022845875550442e-03
3.200022845875550442e-03
0.000000000000000000e+00
1.034280887669666860e-02
1.034280887669666860e-02
1.034280887669666860e-02
1.034280887669666860e-02
3.089103233632057546e-04
3.089103233632057546e-04
3.089103233632057546e-04
3.089103233632057546e-04
3.089103233632057546e-04
3.089103233632057546e-04
3.089103233632057546e-04
3.089103233632057546e-04
3.089103233632057546e-04
3.089103233632057546e-04
3.089103233632057546e-04
3.089103233632057546e-04
3.089103233632057546e-04
3.089103233632057546e-04
3.089103233632057546e-04
0.000000000000000000e+00
0.000000000000000000e+00
0.000000000000000000e+00
0.000000000000000000e+00
0.000000000000000000e+00
0.000000000000000000e+00
0.000000000000000000e+00
1.388616548655500701e-02
1.388616548655500701e-02
1.388616548655500701e-02
1.388616548655500701e-02
1.993643758612178088e-02
1.761782595811896279e-02
1.761782595811896279e-02
4.526152632073942444e-02
1.128018093316511365e-02
1.128018093316511365e-02
1.128018093316511365e-02
1.128018093316511365e-02
1.128018093316511365e-02
1.128018093316511365e-02
1.128018093316511365e-02
1.128018093316511365e-02
3.088463030811178320e-03
3.088463030811178320e-03
3.088463030811178320e-03
3.088463030811178320e-03
3.088463030811178320e-03
3.088463030811178320e-03
3.088463030811178320e-03
3.088463030811178320e-03
3.088463030811178320e-03
3.088463030811178320e-03
3.088463030811178320e-03
1.247838421964712723e-02
1.493189785566208932e-02
1.493189785566208932e-02
1.493189785566208932e-02
1.493189785566208932e-02
1.493189785566208932e-02
1.493189785566208932e-02
1.794841159873908701e-02
1.559413494095321373e-02
2.155889220635317030e-02
2.155889220635317030e-02
2.155889220635317030e-02
2.155889220635317030e-02
2.155889220635317030e-02
2.155889220635317030e-02
2.155889220635317030e-02
2.155889220635317030e-02
2.155889220635317030e-02
2.155889220635317030e-02
2.155889220635317030e-02
1.559413494095321373e-02
1.559413494095321373e-02
1.559413494095321373e-02
1.773677111141270385e-02
1.773677111141270385e-02
1.773677111141270385e-02
1.773677111141270385e-02
1.773677111141270385e-02
1.773677111141270385e-02
1.773677111141270385e-02
1.773677111141270385e-02
1.773677111141270385e-02
1.773677111141270385e-02
1.773677111141270385e-02
1.781420102893032395e-04
1.757753769558084364e-02
1.757753769558084364e-02
1.757753769558084364e-02
1.757753769558084364e-02
1.757753769558084364e-02
1.757753769558084364e-02
1.757753769558084364e-02
1.757753769558084364e-02
1.757753769558084364e-02
1.757753769558084364e-02
3.758009045325269581e-02
6.887462928975461238e-03
6.887462928975461238e-03
2.423800672589170382e-02
2.916884918990217401e-02
2.916884918990217401e-02
1.603402788082620642e-02
1.603402788082620642e-02
1.603402788082620642e-02
1.603402788082620642e-02
1.603402788082620642e-02
1.603402788082620642e-02
1.603402788082620642e-02
1.603402788082620642e-02
1.603402788082620642e-02
1.603402788082620642e-02
1.603402788082620642e-02
1.603402788082620642e-02
1.603402788082620642e-02
1.881890188871493744e-02
1.603402788082620642e-02
1.603402788082620642e-02
1.603402788082620642e-02
1.603402788082620642e-02
1.603402788082620642e-02
1.603402788082620642e-02
1.603402788082620642e-02
1.385210721553244498e-02
5.703499631286730598e-02
5.703499631286730598e-02
5.703499631286730598e-02
5.703499631286730598e-02
1.549302645008063251e-02
4.403146746304963284e-03
4.403146746304963284e-03
1.739486966245309615e-02
1.601298302428230333e-02
1.601298302428230333e-02
1.601298302428230333e-02
1.601298302428230333e-02
1.601298302428230333e-02
1.601298302428230333e-02
1.601298302428230333e-02
1.601298302428230333e-02
1.601298302428230333e-02
1.601298302428230333e-02
1.601298302428230333e-02
1.601298302428230333e-02
2.171150343007310912e-02
2.171150343007310912e-02
2.171150343007310912e-02
2.171150343007310912e-02
2.171150343007310912e-02
2.171150343007310912e-02
2.171150343007310912e-02
2.171150343007310912e-02
2.171150343007310912e-02
2.171150343007310912e-02
2.171150343007310912e-02
1.881890188871493744e-02
0.000000000000000000e+00
0.000000000000000000e+00
0.000000000000000000e+00
0.000000000000000000e+00
0.000000000000000000e+00
0.000000000000000000e+00
0.000000000000000000e+00
0.000000000000000000e+00
0.000000000000000000e+00
4.358854967119045985e-03
2.412732109267362590e-02
2.412732109267362590e-02
2.412732109267362590e-02
2.412732109267362590e-02
2.412732109267362590e-02
2.412732109267362590e-02
5.376540617845532513e-03
6.283093235156039617e-03
6.283093235156039617e-03
6.283093235156039617e-03
6.283093235156039617e-03
6.283093235156039617e-03
6.283093235156039617e-03
6.283093235156039617e-03
6.283093235156039617e-03
6.283093235156039617e-03
6.283093235156039617e-03
6.283093235156039617e-03
6.283093235156039617e-03
1.315428862338866370e-02
2.458668846133579833e-02
2.458668846133579833e-02
2.458668846133579833e-02
2.458668846133579833e-02
0.000000000000000000e+00
0.000000000000000000e+00
0.000000000000000000e+00
0.000000000000000000e+00
0.000000000000000000e+00
0.000000000000000000e+00
0.000000000000000000e+00
0.000000000000000000e+00
0.000000000000000000e+00
0.000000000000000000e+00
0.000000000000000000e+00
0.000000000000000000e+00
0.000000000000000000e+00
0.000000000000000000e+00
0.000000000000000000e+00
4.882288956303722227e-02
4.467431039617605210e-02
4.467431039617605210e-02
4.467431039617605210e-02
4.467431039617605210e-02
0.000000000000000000e+00
0.000000000000000000e+00
0.000000000000000000e+00
3.135925744815828715e-03
1.503924385462489591e-02
1.503924385462489591e-02
1.503924385462489591e-02
1.503924385462489591e-02
8.998841655092404412e-03
8.998841655092404412e-03
8.998841655092404412e-03
8.998841655092404412e-03
8.998841655092404412e-03
8.998841655092404412e-03
8.998841655092404412e-03
8.998841655092404412e-03
8.998841655092404412e-03
8.998841655092404412e-03
8.998841655092404412e-03
8.998841655092404412e-03
8.998841655092404412e-03
8.998841655092404412e-03
8.998841655092404412e-03
1.257298367664619852e-02
2.115363931918346971e-02
2.115363931918346971e-02
2.115363931918346971e-02
2.115363931918346971e-02
2.115363931918346971e-02
2.115363931918346971e-02
2.115363931918346971e-02
2.115363931918346971e-02
1.453484221887403616e-02
5.319591594589007620e-04
5.319591594589007620e-04
1.005084768489498959e-02
1.005084768489498959e-02
1.005084768489498959e-02
1.005084768489498959e-02
1.005084768489498959e-02
1.005084768489498959e-02
1.005084768489498959e-02
1.005084768489498959e-02
2.928450993136822583e-02
2.745349624055117704e-02
2.745349624055117704e-02
1.247196001183890901e-02
1.247196001183890901e-02
1.247196001183890901e-02
1.247196001183890901e-02
1.247196001183890901e-02
4.945189626797373561e-03
1.247196001183890901e-02
1.896720647834774023e-02
1.896720647834774023e-02
1.896720647834774023e-02
1.896720647834774023e-02
1.896720647834774023e-02
1.896720647834774023e-02
1.896720647834774023e-02
1.896720647834774023e-02
1.896720647834774023e-02
1.896720647834774023e-02
1.896720647834774023e-02
1.896720647834774023e-02
1.896720647834774023e-02
1.620452418628358024e-02
2.234055361149655736e-03
2.234055361149655736e-03
2.234055361149655736e-03
2.234055361149655736e-03
2.234055361149655736e-03
2.234055361149655736e-03
1.143169906571010058e-02
8.280074538238294977e-04
8.280074538238294977e-04
8.280074538238294977e-04
8.280074538238294977e-04
8.280074538238294977e-04
8.280074538238294977e-04
1.036591567811491477e-02
1.036591567811491477e-02
1.036591567811491477e-02
1.036591567811491477e-02
1.134431068970914031e-02
1.134431068970914031e-02
1.134431068970914031e-02
1.134431068970914031e-02
1.134431068970914031e-02
1.134431068970914031e-02
1.134431068970914031e-02
1.134431068970914031e-02
1.134431068970914031e-02
1.134431068970914031e-02
1.134431068970914031e-02
2.568447584955239199e-02
2.568447584955239199e-02
2.568447584955239199e-02
2.568447584955239199e-02
2.568447584955239199e-02
2.568447584955239199e-02
2.568447584955239199e-02
2.568447584955239199e-02
2.568447584955239199e-02
2.568447584955239199e-02
2.568447584955239199e-02
2.568447584955239199e-02
2.568447584955239199e-02
3.237202184151616313e-02
2.735052636613748492e-02
2.735052636613748492e-02
2.735052636613748492e-02
2.735052636613748492e-02
2.735052636613748492e-02
2.735052636613748492e-02
2.735052636613748492e-02
2.735052636613748492e-02
2.334162874460505785e-02
2.334162874460505785e-02
2.334162874460505785e-02
2.334162874460505785e-02
2.334162874460505785e-02
2.334162874460505785e-02
2.334162874460505785e-02
2.334162874460505785e-02
2.334162874460505785e-02
2.334162874460505785e-02
2.334162874460505785e-02
5.612005777520486134e-03
5.584020611125097878e-03
5.584020611125097878e-03
5.584020611125097878e-03
5.584020611125097878e-03
1.727480010917269680e-03
1.727480010917269680e-03
1.727480010917269680e-03
1.727480010917269680e-03
1.727480010917269680e-03
1.727480010917269680e-03
1.727480010917269680e-03
1.727480010917269680e-03
1.727480010917269680e-03
1.727480010917269680e-03
1.727480010917269680e-03
1.727480010917269680e-03
1.727480010917269680e-03
1.727480010917269680e-03
1.727480010917269680e-03
1.727480010917269680e-03
1.727480010917269680e-03
1.727480010917269680e-03
1.727480010917269680e-03
1.727480010917269680e-03
1.727480010917269680e-03
1.242716711356496757e-02
5.686154951957676437e-03
5.686154951957676437e-03
5.686154951957676437e-03
5.686154951957676437e-03
5.686154951957676437e-03
5.686154951957676437e-03
5.686154951957676437e-03
5.686154951957676437e-03
5.686154951957676437e-03
5.686154951957676437e-03
3.021484571979779835e-02
9.364787501809525641e-03
9.364787501809525641e-03
9.364787501809525641e-03
9.364787501809525641e-03
5.612005777520486134e-03
5.612005777520486134e-03
5.612005777520486134e-03
5.612005777520486134e-03
5.612005777520486134e-03
5.612005777520486134e-03
5.612005777520486134e-03
5.612005777520486134e-03
5.612005777520486134e-03
5.612005777520486134e-03
1.075168888292778006e-02
2.849065278226464021e-03
2.849065278226464021e-03
2.849065278226464021e-03
2.849065278226464021e-03
1.512603400146332600e-02
2.849065278226464021e-03
1.964146891299292375e-01
3.580199447518664108e-03
3.580199447518664108e-03
3.580199447518664108e-03
3.580199447518664108e-03
4.221455203770158038e-02
5.006492998439535103e-02
5.006492998439535103e-02
5.006492998439535103e-02
5.006492998439535103e-02
1.443171549114690561e-02
1.443171549114690561e-02
1.443171549114690561e-02
1.443171549114690561e-02
1.443171549114690561e-02
1.443171549114690561e-02
1.443171549114690561e-02
1.443171549114690561e-02
1.443171549114690561e-02
1.443171549114690561e-02
1.443171549114690561e-02
1.964146891299292375e-01
1.964146891299292375e-01
1.964146891299292375e-01
1.964146891299292375e-01
1.964146891299292375e-01
1.964146891299292375e-01
3.278848882729511194e-02
3.278848882729511194e-02
3.278848882729511194e-02
1.249782158391602588e-02
1.249782158391602588e-02
1.249782158391602588e-02
8.050012762992097073e-03
1.249782158391602588e-02
1.249782158391602588e-02
1.249782158391602588e-02
1.249782158391602588e-02
1.249782158391602588e-02
1.249782158391602588e-02
1.249782158391602588e-02
2.861558823400354654e-02
2.263924892506095996e-03
2.263924892506095996e-03
2.263924892506095996e-03
2.263924892506095996e-03
1.675083414136405158e-02
3.320969115618097739e-02
3.320969115618097739e-02
3.320969115618097739e-02
3.320969115618097739e-02
3.320969115618097739e-02
3.320969115618097739e-02
3.320969115618097739e-02
3.320969115618097739e-02
3.320969115618097739e-02
3.320969115618097739e-02
3.320969115618097739e-02
3.320969115618097739e-02
1.042361078149748503e-03
0.000000000000000000e+00
0.000000000000000000e+00
0.000000000000000000e+00
0.000000000000000000e+00
5.407875663687834213e-03
2.109042623365391632e-03
2.109042623365391632e-03
5.637924878518362111e-03
2.109042623365391632e-03
2.109042623365391632e-03
2.109042623365391632e-03
2.827284703196731794e-02
2.827284703196731794e-02
2.827284703196731794e-02
2.827284703196731794e-02
2.827284703196731794e-02
2.827284703196731794e-02
2.827284703196731794e-02
2.827284703196731794e-02
2.827284703196731794e-02
2.827284703196731794e-02
2.827284703196731794e-02
2.827284703196731794e-02
2.827284703196731794e-02
1.449470341328142932e-02
9.587148644723039043e-04
9.587148644723039043e-04
2.861558823400354654e-02
2.861558823400354654e-02
2.861558823400354654e-02
2.861558823400354654e-02
2.861558823400354654e-02
2.861558823400354654e-02
6.931439726459792672e-03
3.453237798496826966e-02
3.453237798496826966e-02
1.925954736715426198e-03
3.453237798496826966e-02
3.453237798496826966e-02
3.453237798496826966e-02
3.453237798496826966e-02
3.453237798496826966e-02
3.453237798496826966e-02
3.453237798496826966e-02
2.462709181932622518e-02
3.237202184151616313e-02
2.112371871086509215e-02
1.074340703016017813e-02
1.074340703016017813e-02
0.000000000000000000e+00
1.256876953287017033e-02
1.256876953287017033e-02
1.773965834957969001e-02
1.256876953287017033e-02
1.256876953287017033e-02
1.256876953287017033e-02
1.143169906571010058e-02
1.143169906571010058e-02
1.143169906571010058e-02
1.143169906571010058e-02
8.050012762992097073e-03
0.000000000000000000e+00
1.156950880229028721e-02
1.156950880229028721e-02
1.156950880229028721e-02
1.156950880229028721e-02
1.156950880229028721e-02
1.156950880229028721e-02
1.156950880229028721e-02
1.156950880229028721e-02
1.156950880229028721e-02
1.156950880229028721e-02
1.156950880229028721e-02
1.156950880229028721e-02
1.156950880229028721e-02
1.156950880229028721e-02
1.156950880229028721e-02
1.156950880229028721e-02
1.156950880229028721e-02
1.156950880229028721e-02
1.156950880229028721e-02
1.156950880229028721e-02
2.008224593097680810e-02
2.066102352428166380e-02
2.066102352428166380e-02
1.123824952228354677e-02
1.123824952228354677e-02
0.000000000000000000e+00
0.000000000000000000e+00
0.000000000000000000e+00
0.000000000000000000e+00
0.000000000000000000e+00
0.000000000000000000e+00
0.000000000000000000e+00
0.000000000000000000e+00
0.000000000000000000e+00
7.061692725093482448e-02
3.758009045325269581e-02
3.758009045325269581e-02
3.758009045325269581e-02
3.758009045325269581e-02
3.758009045325269581e-02
3.508607303008409728e-02
9.465057380499741768e-03
9.465057380499741768e-03
9.465057380499741768e-03
9.465057380499741768e-03
9.465057380499741768e-03
9.465057380499741768e-03
9.465057380499741768e-03
9.465057380499741768e-03
3.484403035090292977e-02
4.221455203770158038e-02
4.221455203770158038e-02
4.221455203770158038e-02
4.221455203770158038e-02
4.221455203770158038e-02
6.218674439278405741e-03
9.217320655694348844e-03
9.217320655694348844e-03
9.217320655694348844e-03
9.217320655694348844e-03
9.217320655694348844e-03
9.217320655694348844e-03
1.986525054190549366e-02
1.459342114601432441e-02
1.459342114601432441e-02
1.459342114601432441e-02
1.459342114601432441e-02
1.459342114601432441e-02
1.459342114601432441e-02
1.459342114601432441e-02
1.459342114601432441e-02
1.459342114601432441e-02
1.459342114601432441e-02
1.459342114601432441e-02
1.459342114601432441e-02
9.626082163553323010e-03
5.830773471247281681e-03
5.830773471247281681e-03
2.135227461906361729e-02
2.543371774890875250e-02
2.543371774890875250e-02
2.543371774890875250e-02
2.543371774890875250e-02
2.543371774890875250e-02
1.323843508206057167e-02
1.549302645008063251e-02
1.549302645008063251e-02
1.549302645008063251e-02
8.768207190443173035e-04
8.024569388242086543e-03
8.024569388242086543e-03
1.562123895664341462e-02
1.435016363462696576e-04
1.435016363462696576e-04
4.779805043365628614e-03
4.779805043365628614e-03
4.779805043365628614e-03
3.918480790669018332e-03
7.316981928009496684e-03
7.316981928009496684e-03
7.316981928009496684e-03
7.316981928009496684e-03
5.417966860284455406e-03
1.323843508206057167e-02
1.323843508206057167e-02
1.323843508206057167e-02
1.323843508206057167e-02
1.323843508206057167e-02
1.796868582180035810e-03
0.000000000000000000e+00
0.000000000000000000e+00
0.000000000000000000e+00
0.000000000000000000e+00
3.135266061953226324e-02
3.135266061953226324e-02
3.135266061953226324e-02
3.135266061953226324e-02
3.135266061953226324e-02
3.135266061953226324e-02
3.135266061953226324e-02
3.135266061953226324e-02
3.135266061953226324e-02
3.135266061953226324e-02
3.135266061953226324e-02
3.135266061953226324e-02
3.135266061953226324e-02
3.135266061953226324e-02
3.135266061953226324e-02
3.135266061953226324e-02
3.135266061953226324e-02
3.135266061953226324e-02
3.135266061953226324e-02
3.135266061953226324e-02
3.135266061953226324e-02
3.135266061953226324e-02
3.135266061953226324e-02
3.135266061953226324e-02
3.135266061953226324e-02
2.112371871086509215e-02
3.635900522272055013e-02
3.635900522272055013e-02
3.635900522272055013e-02
3.635900522272055013e-02
3.635900522272055013e-02
3.635900522272055013e-02
8.645058252691899259e-03
5.532965754745493986e-02
5.532965754745493986e-02
5.532965754745493986e-02
5.532965754745493986e-02
5.532965754745493986e-02
5.532965754745493986e-02
4.141662731699367710e-03
8.921446980605617083e-04
8.921446980605617083e-04
1.925954736715426198e-03
1.925954736715426198e-03
1.925954736715426198e-03
8.470264579538229824e-03
0.000000000000000000e+00
0.000000000000000000e+00
0.000000000000000000e+00
0.000000000000000000e+00
1.773965834957969001e-02
3.137775169607507492e-02
3.137775169607507492e-02
1.334317863647661688e-02
0.000000000000000000e+00
0.000000000000000000e+00
5.376016913504148148e-03
0.000000000000000000e+00
0.000000000000000000e+00
0.000000000000000000e+00
0.000000000000000000e+00
0.000000000000000000e+00
0.000000000000000000e+00
5.376016913504148148e-03
5.376016913504148148e-03
5.376016913504148148e-03
5.376016913504148148e-03
5.376016913504148148e-03
5.376016913504148148e-03
5.376016913504148148e-03
5.376016913504148148e-03
5.376016913504148148e-03
7.665105983238862039e-03
7.665105983238862039e-03
7.665105983238862039e-03
7.665105983238862039e-03
7.665105983238862039e-03
7.665105983238862039e-03
7.665105983238862039e-03
7.665105983238862039e-03
7.665105983238862039e-03
7.665105983238862039e-03
7.665105983238862039e-03
7.665105983238862039e-03
7.665105983238862039e-03
3.347712460499205692e-03
0.000000000000000000e+00
0.000000000000000000e+00
5.170320223068209471e-04
3.347712460499205692e-03
3.347712460499205692e-03
3.347712460499205692e-03
3.347712460499205692e-03
3.347712460499205692e-03
3.347712460499205692e-03
3.347712460499205692e-03
3.347712460499205692e-03
3.347712460499205692e-03
3.347712460499205692e-03
3.347712460499205692e-03
3.347712460499205692e-03
3.347712460499205692e-03
3.392890937235884530e-02
1.286611248288247952e-02
1.286611248288247952e-02
1.286611248288247952e-02
1.286611248288247952e-02
1.286611248288247952e-02
1.286611248288247952e-02
2.112371871086509215e-02
2.112371871086509215e-02
2.112371871086509215e-02
4.363693743205589864e-02
3.590326375283480614e-02
3.590326375283480614e-02
1.191916444783448076e-02
5.790018362687558880e-03
5.790018362687558880e-03
5.790018362687558880e-03
5.790018362687558880e-03
5.790018362687558880e-03
5.790018362687558880e-03
5.790018362687558880e-03
5.790018362687558880e-03
5.790018362687558880e-03
5.790018362687558880e-03
5.790018362687558880e-03
5.790018362687558880e-03
5.790018362687558880e-03
5.790018362687558880e-03
1.729978014447798931e-02
1.729978014447798931e-02
1.729978014447798931e-02
1.729978014447798931e-02
1.729978014447798931e-02
1.729978014447798931e-02
1.729978014447798931e-02
1.729978014447798931e-02
1.729978014447798931e-02
1.729978014447798931e-02
1.729978014447798931e-02
1.729978014447798931e-02
1.483891500169612181e-02
1.491444611473712219e-02
1.491444611473712219e-02
1.491444611473712219e-02
1.491444611473712219e-02
1.987641238934657710e-03
6.476265637377185032e-03
6.476265637377185032e-03
6.476265637377185032e-03
6.476265637377185032e-03
3.508607303008409728e-02
3.508607303008409728e-02
3.508607303008409728e-02
3.508607303008409728e-02
3.508607303008409728e-02
3.508607303008409728e-02
5.455013972479916783e-03
5.455013972479916783e-03
5.455013972479916783e-03
5.455013972479916783e-03
5.427322586481719141e-03
5.427322586481719141e-03
3.632200891114027112e-03
0.000000000000000000e+00
0.000000000000000000e+00
8.693940681192287301e-03
8.645058252691899259e-03
8.693940681192287301e-03
8.693940681192287301e-03
8.693940681192287301e-03
8.693940681192287301e-03
8.693940681192287301e-03
8.645058252691899259e-03
8.645058252691899259e-03
1.991947915808727019e-03
1.709657597364272258e-04
1.709657597364272258e-04
0.000000000000000000e+00
0.000000000000000000e+00
0.000000000000000000e+00
0.000000000000000000e+00
0.000000000000000000e+00
0.000000000000000000e+00
0.000000000000000000e+00
1.271657677356471429e-02
1.461382983954898898e-03
1.461382983954898898e-03
4.358854967119045985e-03
1.010115626340533403e-02
1.010115626340533403e-02
2.561688667328141863e-02
1.562123895664341462e-02
1.562123895664341462e-02
1.562123895664341462e-02
1.562123895664341462e-02
1.562123895664341462e-02
1.562123895664341462e-02
1.562123895664341462e-02
1.658962056823632888e-02
1.658962056823632888e-02
1.658962056823632888e-02
1.658962056823632888e-02
1.658962056823632888e-02
2.317658696986582556e-02
1.658962056823632888e-02
1.658962056823632888e-02
1.658962056823632888e-02
1.658962056823632888e-02
1.658962056823632888e-02
1.658962056823632888e-02
1.658962056823632888e-02
4.170518601627880989e-03
1.088576521610545508e-03
1.298217183517688840e-02
2.561688667328141863e-02
5.210547812304902604e-02
3.096145414932383738e-02
3.096145414932383738e-02
3.096145414932383738e-02
3.096145414932383738e-02
3.096145414932383738e-02
3.096145414932383738e-02
3.096145414932383738e-02
3.096145414932383738e-02
1.358362287790355893e-02
9.686225464617631391e-04
9.686225464617631391e-04
9.686225464617631391e-04
9.686225464617631391e-04
9.686225464617631391e-04
9.686225464617631391e-04
2.771380458818690704e-02
7.472907849204593785e-03
2.771380458818690704e-02
2.771380458818690704e-02
2.771380458818690704e-02
7.472907849204593785e-03
7.472907849204593785e-03
7.472907849204593785e-03
7.472907849204593785e-03
7.472907849204593785e-03
4.169721667034129858e-02
1.466690211717837020e-02
1.466690211717837020e-02
1.466690211717837020e-02
1.466690211717837020e-02
1.466690211717837020e-02
1.466690211717837020e-02
1.466690211717837020e-02
1.466690211717837020e-02
3.053103201887226448e-02
2.493411605743926091e-02
2.493411605743926091e-02
2.493411605743926091e-02
2.493411605743926091e-02
2.493411605743926091e-02
2.493411605743926091e-02
2.493411605743926091e-02
2.493411605743926091e-02
5.637924878518362111e-03
0.000000000000000000e+00
0.000000000000000000e+00
0.000000000000000000e+00
0.000000000000000000e+00
0.000000000000000000e+00
0.000000000000000000e+00
0.000000000000000000e+00
0.000000000000000000e+00
1.021549534463277002e-02
9.626082163553323010e-03
9.626082163553323010e-03
9.626082163553323010e-03
2.666956555077432123e-02
2.666956555077432123e-02
2.666956555077432123e-02
2.666956555077432123e-02
2.666956555077432123e-02
2.666956555077432123e-02
2.666956555077432123e-02
2.666956555077432123e-02
2.666956555077432123e-02
2.666956555077432123e-02
2.666956555077432123e-02
2.666956555077432123e-02
2.666956555077432123e-02
0.000000000000000000e+00
8.818906271994102208e-03
8.818906271994102208e-03
8.818906271994102208e-03
8.818906271994102208e-03
8.818906271994102208e-03
8.818906271994102208e-03
1.042361078149748503e-03
1.042361078149748503e-03
1.042361078149748503e-03
1.042361078149748503e-03
1.042361078149748503e-03
1.042361078149748503e-03
1.042361078149748503e-03
1.042361078149748503e-03
2.416381991395919263e-02
2.926609955316697084e-02
2.416381991395919263e-02
8.470264579538229824e-03
8.470264579538229824e-03
8.470264579538229824e-03
8.470264579538229824e-03
8.470264579538229824e-03
8.470264579538229824e-03
8.470264579538229824e-03
8.470264579538229824e-03
0.000000000000000000e+00
1.739509579807245595e-03
1.739509579807245595e-03
1.739509579807245595e-03
1.739509579807245595e-03
1.739509579807245595e-03
1.739509579807245595e-03
6.602333999491193962e-03
1.739509579807245595e-03
2.349829321092973891e-02
1.744124275964796522e-02
1.744124275964796522e-02
1.744124275964796522e-02
1.744124275964796522e-02
1.744124275964796522e-02
1.744124275964796522e-02
9.360775141018269976e-03
1.803529751401188345e-03
1.803529751401188345e-03
1.803529751401188345e-03
1.803529751401188345e-03
1.803529751401188345e-03
1.803529751401188345e-03
1.803529751401188345e-03
1.803529751401188345e-03
5.630503871146348011e-03
2.653329363903684699e-04
2.653329363903684699e-04
2.653329363903684699e-04
2.653329363903684699e-04
0.000000000000000000e+00
0.000000000000000000e+00
0.000000000000000000e+00
0.000000000000000000e+00
0.000000000000000000e+00
0.000000000000000000e+00
0.000000000000000000e+00
0.000000000000000000e+00
0.000000000000000000e+00
0.000000000000000000e+00
0.000000000000000000e+00
0.000000000000000000e+00
0.000000000000000000e+00
0.000000000000000000e+00
0.000000000000000000e+00
0.000000000000000000e+00
0.000000000000000000e+00
1.299323613387721142e-02
3.874694777656218642e-03
3.874694777656218642e-03
1.358362287790355893e-02
1.358362287790355893e-02
1.358362287790355893e-02
1.358362287790355893e-02
1.179971580348316597e-02
1.179971580348316597e-02
1.179971580348316597e-02
1.179971580348316597e-02
1.242716711356496757e-02
1.242716711356496757e-02
3.853467457239694721e-02
8.150250849301890477e-03
2.720287727338712314e-03
2.720287727338712314e-03
2.720287727338712314e-03
2.720287727338712314e-03
2.720287727338712314e-03
2.720287727338712314e-03
2.720287727338712314e-03
2.720287727338712314e-03
2.720287727338712314e-03
2.720287727338712314e-03
1.794841159873908701e-02
1.794841159873908701e-02
1.794841159873908701e-02
1.794841159873908701e-02
3.053103201887226448e-02
1.467120397631820755e-02
1.467120397631820755e-02
4.917432345022872478e-03
4.917432345022872478e-03
4.917432345022872478e-03
4.917432345022872478e-03
4.917432345022872478e-03
4.917432345022872478e-03
4.917432345022872478e-03
4.917432345022872478e-03
4.917432345022872478e-03
4.917432345022872478e-03
4.917432345022872478e-03
6.419523729826383251e-03
6.419523729826383251e-03
2.135227461906361729e-02
2.135227461906361729e-02
0.000000000000000000e+00
3.632200891114027112e-03
3.632200891114027112e-03
3.632200891114027112e-03
3.632200891114027112e-03
3.632200891114027112e-03
3.632200891114027112e-03
3.632200891114027112e-03
1.449470341328142932e-02
1.987641238934657710e-03
4.820657644031413162e-03
8.109626851192054328e-03
8.109626851192054328e-03
8.109626851192054328e-03
8.109626851192054328e-03
8.109626851192054328e-03
8.109626851192054328e-03
8.109626851192054328e-03
8.109626851192054328e-03
8.109626851192054328e-03
8.109626851192054328e-03
2.271144340464270606e-03
2.271144340464270606e-03
2.271144340464270606e-03
2.271144340464270606e-03
2.271144340464270606e-03
2.271144340464270606e-03
2.271144340464270606e-03
2.271144340464270606e-03
1.078830113364628689e-02
1.412839453688571195e-02
1.412839453688571195e-02
2.000978110051687339e-02
2.000978110051687339e-02
1.937642979870394036e-02
8.971963869835968344e-03
0.000000000000000000e+00
0.000000000000000000e+00
4.945189626797373561e-03
0.000000000000000000e+00
0.000000000000000000e+00
0.000000000000000000e+00
2.594512367209983331e-04
6.540345000825494547e-03
6.540345000825494547e-03
6.540345000825494547e-03
6.540345000825494547e-03
6.540345000825494547e-03
6.540345000825494547e-03
6.540345000825494547e-03
6.540345000825494547e-03
6.540345000825494547e-03
6.540345000825494547e-03
6.540345000825494547e-03
6.540345000825494547e-03
4.543608908932804218e-03
2.563627063469251649e-02
2.563627063469251649e-02
2.563627063469251649e-02
1.453484221887403616e-02
2.137186750532587415e-02
2.490032413521449384e-02
2.490032413521449384e-02
2.490032413521449384e-02
2.490032413521449384e-02
8.768207190443173035e-04
2.490032413521449384e-02
4.543608908932804218e-03
4.543608908932804218e-03
4.277839914678491229e-03
4.277839914678491229e-03
4.277839914678491229e-03
4.277839914678491229e-03
4.526152632073942444e-02
4.526152632073942444e-02
3.465879623098291201e-02
2.471712889737675417e-02
2.471712889737675417e-02
2.471712889737675417e-02
2.471712889737675417e-02
2.471712889737675417e-02
2.471712889737675417e-02
2.471712889737675417e-02
2.471712889737675417e-02
2.471712889737675417e-02
2.471712889737675417e-02
5.417966860284455406e-03
5.417966860284455406e-03
5.417966860284455406e-03
5.417966860284455406e-03
1.116429369219794007e-02
1.178384533704197011e-02
1.178384533704197011e-02
1.178384533704197011e-02
1.178384533704197011e-02
1.178384533704197011e-02
1.178384533704197011e-02
1.299323613387721142e-02
1.299323613387721142e-02
1.299323613387721142e-02
1.299323613387721142e-02
1.299323613387721142e-02
1.299323613387721142e-02
1.299323613387721142e-02
1.299323613387721142e-02
1.303620224604010343e-02
3.231135536389036483e-03
3.231135536389036483e-03
3.231135536389036483e-03
3.231135536389036483e-03
3.231135536389036483e-03
3.231135536389036483e-03
3.231135536389036483e-03
3.231135536389036483e-03
3.021484571979779835e-02
9.295443563602958162e-03
9.295443563602958162e-03
9.295443563602958162e-03
9.295443563602958162e-03
2.637502267607943519e-03
0.000000000000000000e+00
0.000000000000000000e+00
0.000000000000000000e+00
0.000000000000000000e+00
0.000000000000000000e+00
0.000000000000000000e+00
2.149935049339417054e-03
9.741815690230229766e-03
9.741815690230229766e-03
9.741815690230229766e-03
2.336917890203561894e-03
1.236600164859702304e-02
1.236600164859702304e-02
1.236600164859702304e-02
1.236600164859702304e-02
1.236600164859702304e-02
1.236600164859702304e-02
1.236600164859702304e-02
1.236600164859702304e-02
1.236600164859702304e-02
1.236600164859702304e-02
0.000000000000000000e+00
1.890477441515738335e-02
1.890477441515738335e-02
1.890477441515738335e-02
1.890477441515738335e-02
1.334317863647661688e-02
4.061445230698224745e-03
4.061445230698224745e-03
0.000000000000000000e+00
0.000000000000000000e+00
0.000000000000000000e+00
2.814990933540611421e-03
2.733974989459868332e-02
2.733974989459868332e-02
2.733974989459868332e-02
2.733974989459868332e-02
5.802950830087817355e-03
5.802950830087817355e-03
5.802950830087817355e-03
5.802950830087817355e-03
5.802950830087817355e-03
5.802950830087817355e-03
5.802950830087817355e-03
5.802950830087817355e-03
5.802950830087817355e-03
5.802950830087817355e-03
5.802950830087817355e-03
5.802950830087817355e-03
5.802950830087817355e-03
5.802950830087817355e-03
5.802950830087817355e-03
5.802950830087817355e-03
5.802950830087817355e-03
0.000000000000000000e+00
0.000000000000000000e+00
0.000000000000000000e+00
2.425857325170646672e-02
2.203005316283727227e-02
9.308633311534691025e-04
9.308633311534691025e-04
9.308633311534691025e-04
9.308633311534691025e-04
1.559750771029174560e-02
1.287127327585087418e-02
1.287127327585087418e-02
1.287127327585087418e-02
1.287127327585087418e-02
1.287127327585087418e-02
1.287127327585087418e-02
1.287127327585087418e-02
1.287127327585087418e-02
3.465879623098291201e-02
3.465879623098291201e-02
4.611830804235786396e-02
0.000000000000000000e+00
5.210547812304902604e-02
5.210547812304902604e-02
4.114487622762712064e-03
3.027627366953662691e-02
3.027627366953662691e-02
3.027627366953662691e-02
3.027627366953662691e-02
5.630503871146348011e-03
5.630503871146348011e-03
5.630503871146348011e-03
5.630503871146348011e-03
5.630503871146348011e-03
5.630503871146348011e-03
5.630503871146348011e-03
5.630503871146348011e-03
5.630503871146348011e-03
5.630503871146348011e-03
3.189703996532461394e-02
1.355834636003708758e-02
1.355834636003708758e-02
1.355834636003708758e-02
1.355834636003708758e-02
1.355834636003708758e-02
1.355834636003708758e-02
5.407875663687834213e-03
5.407875663687834213e-03
2.087559886167034487e-02
2.087559886167034487e-02
2.087559886167034487e-02
2.087559886167034487e-02
2.087559886167034487e-02
2.087559886167034487e-02
2.087559886167034487e-02
2.087559886167034487e-02
2.087559886167034487e-02
3.883329255412620168e-02
2.087559886167034487e-02
2.087559886167034487e-02
2.087559886167034487e-02
0.000000000000000000e+00
1.010468781823831499e-02
1.010468781823831499e-02
1.010468781823831499e-02
1.010468781823831499e-02
1.010468781823831499e-02
1.010468781823831499e-02
1.010468781823831499e-02
1.010468781823831499e-02
1.334317863647661688e-02
1.334317863647661688e-02
1.334317863647661688e-02
3.704788906057430997e-03
3.704788906057430997e-03
3.704788906057430997e-03
3.704788906057430997e-03
0.000000000000000000e+00
0.000000000000000000e+00
0.000000000000000000e+00
0.000000000000000000e+00
5.939091471390834862e-03
5.264103995056263960e-03
5.264103995056263960e-03
1.155701064885827044e-03
3.431093102008482467e-03
3.431093102008482467e-03
0.000000000000000000e+00
0.000000000000000000e+00
4.882288956303722227e-02
4.882288956303722227e-02
4.882288956303722227e-02
4.882288956303722227e-02
4.882288956303722227e-02
4.882288956303722227e-02
4.882288956303722227e-02
4.882288956303722227e-02
1.796868582180035810e-03
1.303620224604010343e-02
1.303620224604010343e-02
1.303620224604010343e-02
1.303620224604010343e-02
8.853732073238767056e-03
8.853732073238767056e-03
8.853732073238767056e-03
8.853732073238767056e-03
8.853732073238767056e-03
8.853732073238767056e-03
4.766858327911073848e-03
4.766858327911073848e-03
4.766858327911073848e-03
4.766858327911073848e-03
4.766858327911073848e-03
4.766858327911073848e-03
4.766858327911073848e-03
4.766858327911073848e-03
4.766858327911073848e-03
4.766858327911073848e-03
4.766858327911073848e-03
4.057992061079874341e-02
4.367623818064449853e-02
4.367623818064449853e-02
2.438198169538133633e-02
2.939224937907452401e-02
2.939224937907452401e-02
2.939224937907452401e-02
2.939224937907452401e-02
3.392890937235884530e-02
3.392890937235884530e-02
3.392890937235884530e-02
3.392890937235884530e-02
1.385706423611688049e-03
1.258128721986928947e-02
1.258128721986928947e-02
1.258128721986928947e-02
1.258128721986928947e-02
1.258128721986928947e-02
1.258128721986928947e-02
1.258128721986928947e-02
1.258128721986928947e-02
1.258128721986928947e-02
1.258128721986928947e-02
9.454646246982317120e-03
7.212021567298242987e-03
7.212021567298242987e-03
7.212021567298242987e-03
7.212021567298242987e-03
7.212021567298242987e-03
1.230769539967163997e-02
4.019322854935261993e-03
4.019322854935261993e-03
0.000000000000000000e+00
0.000000000000000000e+00
1.385706423611688049e-03
1.385706423611688049e-03
1.385706423611688049e-03
1.385706423611688049e-03
1.385706423611688049e-03
1.385706423611688049e-03
0.000000000000000000e+00
2.243387014053320819e-02
1.465154991185815547e-01
1.465154991185815547e-01
1.465154991185815547e-01
1.465154991185815547e-01
1.465154991185815547e-01
1.465154991185815547e-01
2.062031892857294629e-02
3.918480790669018332e-03
3.918480790669018332e-03
3.918480790669018332e-03
3.918480790669018332e-03
3.918480790669018332e-03
5.939091471390834862e-03
8.590597623946004402e-03
8.590597623946004402e-03
2.149935049339417054e-03
2.149935049339417054e-03
2.149935049339417054e-03
2.149935049339417054e-03
1.271657677356471429e-02
1.271657677356471429e-02
1.271657677356471429e-02
1.854221653318765270e-03
1.854221653318765270e-03
5.537397640060866613e-03
0.000000000000000000e+00
0.000000000000000000e+00
0.000000000000000000e+00
0.000000000000000000e+00
0.000000000000000000e+00
0.000000000000000000e+00
3.484403035090292977e-02
3.484403035090292977e-02
7.073908366250786922e-03
7.073908366250786922e-03
7.254989119190631422e-04
7.254989119190631422e-04
7.254989119190631422e-04
7.254989119190631422e-04
2.680003018780254941e-03
1.220556560239389153e-02
1.220556560239389153e-02
5.170320223068209471e-04
5.170320223068209471e-04
1.047569272085361464e-02
1.377803478927439387e-02
1.377803478927439387e-02
1.377803478927439387e-02
1.377803478927439387e-02
1.377803478927439387e-02
1.377803478927439387e-02
1.377803478927439387e-02
1.377803478927439387e-02
0.000000000000000000e+00
0.000000000000000000e+00
0.000000000000000000e+00
8.076768086425331963e-03
2.336917890203561894e-03
4.057992061079874341e-02
4.057992061079874341e-02
4.057992061079874341e-02
4.057992061079874341e-02
4.057992061079874341e-02
4.057992061079874341e-02
4.057992061079874341e-02
4.057992061079874341e-02
0.000000000000000000e+00
0.000000000000000000e+00
7.955571710877124350e-03
1.781311176050353468e-02
1.781311176050353468e-02
1.675083414136405158e-02
6.699702948482467134e-04
6.699702948482467134e-04
2.680003018780254941e-03
2.680003018780254941e-03
2.680003018780254941e-03
2.680003018780254941e-03
2.680003018780254941e-03
2.680003018780254941e-03
2.680003018780254941e-03
2.680003018780254941e-03
1.088182935721494771e-02
2.073543493087474585e-02
2.073543493087474585e-02
1.270330875944512480e-02
1.270330875944512480e-02
1.270330875944512480e-02
1.270330875944512480e-02
1.270330875944512480e-02
1.407211097616440851e-02
1.270330875944512480e-02
1.270330875944512480e-02
1.270330875944512480e-02
1.270330875944512480e-02
1.270330875944512480e-02
1.270330875944512480e-02
1.270330875944512480e-02
1.270330875944512480e-02
1.270330875944512480e-02
1.270330875944512480e-02
1.270330875944512480e-02
1.773965834957969001e-02
5.984110735908976936e-03
5.984110735908976936e-03
0.000000000000000000e+00
0.000000000000000000e+00
1.116429369219794007e-02
1.116429369219794007e-02
1.116429369219794007e-02
1.116429369219794007e-02
1.116429369219794007e-02
1.116429369219794007e-02
1.116429369219794007e-02
1.116429369219794007e-02
1.078830113364628689e-02
1.078830113364628689e-02
1.078830113364628689e-02
1.078830113364628689e-02
1.078830113364628689e-02
1.078830113364628689e-02
1.078830113364628689e-02
1.078830113364628689e-02
0.000000000000000000e+00
0.000000000000000000e+00
0.000000000000000000e+00
0.000000000000000000e+00
2.180280987601412260e-03
2.180280987601412260e-03
8.768207190443173035e-04
0.000000000000000000e+00
0.000000000000000000e+00
1.230769539967163997e-02
2.203005316283727227e-02
4.170518601627880989e-03
1.620125845295351114e-02
1.620125845295351114e-02
1.620125845295351114e-02
1.620125845295351114e-02
1.620125845295351114e-02
1.620125845295351114e-02
1.620125845295351114e-02
1.620125845295351114e-02
8.478739265599846697e-03
5.619052175790911763e-02
5.619052175790911763e-02
5.619052175790911763e-02
5.619052175790911763e-02
1.230769539967163997e-02
0.000000000000000000e+00
3.999675452077403048e-02
4.611830804235786396e-02
0.000000000000000000e+00
0.000000000000000000e+00
0.000000000000000000e+00
0.000000000000000000e+00
4.608612087677907421e-02
4.608612087677907421e-02
4.608612087677907421e-02
4.608612087677907421e-02
4.608612087677907421e-02
4.608612087677907421e-02
4.608612087677907421e-02
4.608612087677907421e-02
8.150250849301890477e-03
8.150250849301890477e-03
4.363693743205589864e-02
1.088182935721494771e-02
1.939444832719209796e-02
3.966265969649497049e-03
3.966265969649497049e-03
3.966265969649497049e-03
3.966265969649497049e-03
3.966265969649497049e-03
3.966265969649497049e-03
3.189703996532461394e-02
3.189703996532461394e-02
3.189703996532461394e-02
3.189703996532461394e-02
3.189703996532461394e-02
3.189703996532461394e-02
4.363693743205589864e-02
4.363693743205589864e-02
4.363693743205589864e-02
2.008224593097680810e-02
2.008224593097680810e-02
2.008224593097680810e-02
2.008224593097680810e-02
2.008224593097680810e-02
2.008224593097680810e-02
2.008224593097680810e-02
2.008224593097680810e-02
2.008224593097680810e-02
2.008224593097680810e-02
2.008224593097680810e-02
2.008224593097680810e-02
1.247838421964712723e-02
1.247838421964712723e-02
1.247838421964712723e-02
1.247838421964712723e-02
1.620452418628358024e-02
1.891225792039500850e-02
1.891225792039500850e-02
1.021549534463277002e-02
1.021549534463277002e-02
1.021549534463277002e-02
1.021549534463277002e-02
1.021549534463277002e-02
1.021549534463277002e-02
1.021549534463277002e-02
1.021549534463277002e-02
1.021549534463277002e-02
1.021549534463277002e-02
0.000000000000000000e+00
0.000000000000000000e+00
0.000000000000000000e+00
0.000000000000000000e+00
0.000000000000000000e+00
0.000000000000000000e+00
0.000000000000000000e+00
0.000000000000000000e+00
0.000000000000000000e+00
0.000000000000000000e+00
0.000000000000000000e+00
0.000000000000000000e+00
0.000000000000000000e+00
0.000000000000000000e+00
0.000000000000000000e+00
0.000000000000000000e+00
0.000000000000000000e+00
0.000000000000000000e+00
0.000000000000000000e+00
0.000000000000000000e+00
0.000000000000000000e+00
0.000000000000000000e+00
0.000000000000000000e+00
0.000000000000000000e+00
1.781420102893032395e-04
1.781420102893032395e-04
1.781420102893032395e-04
1.781420102893032395e-04
1.781420102893032395e-04
1.781420102893032395e-04
1.781420102893032395e-04
1.781420102893032395e-04
1.780293349528455291e-02
2.279589465634953085e-02
2.279589465634953085e-02
0.000000000000000000e+00
0.000000000000000000e+00
0.000000000000000000e+00
0.000000000000000000e+00
0.000000000000000000e+00
2.290198517864083794e-02
2.290198517864083794e-02
2.290198517864083794e-02
2.290198517864083794e-02
4.779551419633392556e-02
4.779551419633392556e-02
5.061110780320154240e-02
4.339615870703947276e-02
4.339615870703947276e-02
4.339615870703947276e-02
4.339615870703947276e-02
4.339615870703947276e-02
4.339615870703947276e-02
4.339615870703947276e-02
4.339615870703947276e-02
4.339615870703947276e-02
4.339615870703947276e-02
1.385210721553244498e-02
1.385210721553244498e-02
1.385210721553244498e-02
1.385210721553244498e-02
1.385210721553244498e-02
1.385210721553244498e-02
1.385210721553244498e-02
1.385210721553244498e-02
1.402882207008070321e-02
1.402882207008070321e-02
2.920235291430388000e-02
3.999675452077403048e-02
2.423800672589170382e-02
1.155701064885827044e-03
1.659005674464231195e-02
1.659005674464231195e-02
3.129753136427800009e-02
3.129753136427800009e-02
0.000000000000000000e+00
0.000000000000000000e+00
0.000000000000000000e+00
2.920235291430388000e-02
2.438198169538133633e-02
2.438198169538133633e-02
2.438198169538133633e-02
2.438198169538133633e-02
2.438198169538133633e-02
2.438198169538133633e-02
2.438198169538133633e-02
2.438198169538133633e-02
1.397705831500776607e-03
8.807819391703533259e-04
8.807819391703533259e-04
8.807819391703533259e-04
8.807819391703533259e-04
8.807819391703533259e-04
8.807819391703533259e-04
8.807819391703533259e-04
8.807819391703533259e-04
1.257298367664619852e-02
1.257298367664619852e-02
3.159510278456861831e-02
2.642751721045126165e-02
2.642751721045126165e-02
2.642751721045126165e-02
2.642751721045126165e-02
1.053791506088384670e-02
2.642751721045126165e-02
2.642751721045126165e-02
2.642751721045126165e-02
5.537397640060866613e-03
5.537397640060866613e-03
5.537397640060866613e-03
5.537397640060866613e-03
1.410539701409627318e-02
1.410539701409627318e-02
0.000000000000000000e+00
0.000000000000000000e+00
0.000000000000000000e+00
5.939091471390834862e-03
5.939091471390834862e-03
1.991947915808727019e-03
0.000000000000000000e+00
1.013786874523361567e-02
3.573672723103412177e-03
3.573672723103412177e-03
3.573672723103412177e-03
3.573672723103412177e-03
3.573672723103412177e-03
3.573672723103412177e-03
2.243387014053320819e-02
2.243387014053320819e-02
2.243387014053320819e-02
2.243387014053320819e-02
1.397705831500776607e-03
1.397705831500776607e-03
1.059901561121933235e-03
1.795035012813706379e-02
1.795035012813706379e-02
1.795035012813706379e-02
1.795035012813706379e-02
1.795035012813706379e-02
1.795035012813706379e-02
1.795035012813706379e-02
1.795035012813706379e-02
1.795035012813706379e-02
1.795035012813706379e-02
1.795035012813706379e-02
1.795035012813706379e-02
1.795035012813706379e-02
1.795035012813706379e-02
1.795035012813706379e-02
1.795035012813706379e-02
0.000000000000000000e+00
0.000000000000000000e+00
1.739486966245309615e-02
1.739486966245309615e-02
0.000000000000000000e+00
0.000000000000000000e+00
0.000000000000000000e+00
0.000000000000000000e+00
4.212622652235627901e-02
2.982523580767738533e-02
2.982523580767738533e-02
2.982523580767738533e-02
2.982523580767738533e-02
1.993643758612178088e-02
1.993643758612178088e-02
1.993643758612178088e-02
1.993643758612178088e-02
1.993643758612178088e-02
1.993643758612178088e-02
1.993643758612178088e-02
1.993643758612178088e-02
1.993643758612178088e-02
1.993643758612178088e-02
1.483891500169612181e-02
1.483891500169612181e-02
1.483891500169612181e-02
1.483891500169612181e-02
1.483891500169612181e-02
1.483891500169612181e-02
2.594512367209983331e-04
2.594512367209983331e-04
2.594512367209983331e-04
2.594512367209983331e-04
2.637502267607943519e-03
2.637502267607943519e-03
2.637502267607943519e-03
2.637502267607943519e-03
2.637502267607943519e-03
2.637502267607943519e-03
2.637502267607943519e-03
2.637502267607943519e-03
2.637502267607943519e-03
2.637502267607943519e-03
0.000000000000000000e+00
0.000000000000000000e+00
0.000000000000000000e+00
0.000000000000000000e+00
0.000000000000000000e+00
0.000000000000000000e+00
1.407211097616440851e-02
1.559750771029174560e-02
1.559750771029174560e-02
1.075168888292778006e-02
1.075168888292778006e-02
1.075168888292778006e-02
1.075168888292778006e-02
1.075168888292778006e-02
1.075168888292778006e-02
4.170518601627880989e-03
0.000000000000000000e+00
0.000000000000000000e+00
0.000000000000000000e+00
0.000000000000000000e+00
8.076768086425331963e-03
8.076768086425331963e-03
7.061692725093482448e-02
7.061692725093482448e-02
3.021484571979779835e-02
3.021484571979779835e-02
3.021484571979779835e-02
3.970249017424715837e-02
4.212622652235627901e-02
3.970249017424715837e-02
4.212622652235627901e-02
4.212622652235627901e-02
2.128932466289390826e-02
2.928450993136822583e-02
2.928450993136822583e-02
2.928450993136822583e-02
1.512603400146332600e-02
3.883329255412620168e-02
2.128932466289390826e-02
2.128932466289390826e-02
2.128932466289390826e-02
2.128932466289390826e-02
1.013786874523361567e-02
1.024832387336039284e-02
1.024832387336039284e-02
1.024832387336039284e-02
1.024832387336039284e-02
1.702974402018147398e-02
1.702974402018147398e-02
1.702974402018147398e-02
1.702974402018147398e-02
1.702974402018147398e-02
1.702974402018147398e-02
6.218674439278405741e-03
5.400583730007148947e-03
5.400583730007148947e-03
5.400583730007148947e-03
5.400583730007148947e-03
4.141662731699367710e-03
7.981548651957346384e-04
1.201069626099717652e-02
2.062031892857294629e-02
2.062031892857294629e-02
4.538410807928210111e-03
8.478739265599846697e-03
8.478739265599846697e-03
8.478739265599846697e-03
8.478739265599846697e-03
8.478739265599846697e-03
0.000000000000000000e+00
0.000000000000000000e+00
0.000000000000000000e+00
0.000000000000000000e+00
0.000000000000000000e+00
0.000000000000000000e+00
0.000000000000000000e+00
0.000000000000000000e+00
0.000000000000000000e+00
0.000000000000000000e+00
0.000000000000000000e+00
0.000000000000000000e+00
1.620452418628358024e-02
1.620452418628358024e-02
1.620452418628358024e-02
1.464753847208360472e-02
1.464753847208360472e-02
1.464753847208360472e-02
2.462709181932622518e-02
2.462709181932622518e-02
1.059901561121933235e-03
1.059901561121933235e-03
1.013786874523361567e-02
3.053103201887226448e-02
3.053103201887226448e-02
3.053103201887226448e-02
1.242642970297232717e-02
1.675083414136405158e-02
1.675083414136405158e-02
1.675083414136405158e-02
4.538410807928210111e-03
4.538410807928210111e-03
1.022449070991052547e-02
1.022449070991052547e-02
1.022449070991052547e-02
1.022449070991052547e-02
2.317658696986582556e-02
2.317658696986582556e-02
2.317658696986582556e-02
0.000000000000000000e+00
0.000000000000000000e+00
0.000000000000000000e+00
0.000000000000000000e+00
2.137186750532587415e-02
2.137186750532587415e-02
0.000000000000000000e+00
1.939444832719209796e-02
1.939444832719209796e-02
1.939444832719209796e-02
1.939444832719209796e-02
1.939444832719209796e-02
1.939444832719209796e-02
1.939444832719209796e-02
1.939444832719209796e-02
3.135925744815828715e-03
1.120571988038154138e-02
2.202348257459638137e-02
1.120571988038154138e-02
1.191916444783448076e-02
1.191916444783448076e-02
1.191916444783448076e-02
1.191916444783448076e-02
1.191916444783448076e-02
1.191916444783448076e-02
1.191916444783448076e-02
1.191916444783448076e-02
1.780293349528455291e-02
3.135925744815828715e-03
3.135925744815828715e-03
5.172697504127651488e-03
4.114487622762712064e-03
4.114487622762712064e-03
4.114487622762712064e-03
4.114487622762712064e-03
4.114487622762712064e-03
4.820657644031413162e-03
4.820657644031413162e-03
4.820657644031413162e-03
4.820657644031413162e-03
7.981548651957346384e-04
7.981548651957346384e-04
1.053791506088384670e-02
1.449470341328142932e-02
1.047569272085361464e-02
1.047569272085361464e-02
2.520031722974041058e-02
0.000000000000000000e+00
0.000000000000000000e+00
0.000000000000000000e+00
0.000000000000000000e+00
0.000000000000000000e+00
0.000000000000000000e+00
2.435535666153901962e-02
2.520031722974041058e-02
3.243607074487998843e-02
3.243607074487998843e-02
3.243607074487998843e-02
2.520031722974041058e-02
1.155701064885827044e-03
1.155701064885827044e-03
1.155701064885827044e-03
1.155701064885827044e-03
1.155701064885827044e-03
1.937642979870394036e-02
1.937642979870394036e-02
0.000000000000000000e+00
0.000000000000000000e+00
4.358854967119045985e-03
5.172697504127651488e-03
5.172697504127651488e-03
5.172697504127651488e-03
5.172697504127651488e-03
5.172697504127651488e-03
5.172697504127651488e-03
6.602333999491193962e-03
0.000000000000000000e+00
0.000000000000000000e+00
0.000000000000000000e+00
0.000000000000000000e+00
0.000000000000000000e+00
6.218674439278405741e-03
2.435535666153901962e-02
2.435535666153901962e-02
4.169721667034129858e-02
4.169721667034129858e-02
3.159510278456861831e-02
2.673357427671299753e-04
2.673357427671299753e-04
5.888017840290474259e-02
4.902390846513240280e-02
4.902390846513240280e-02
5.376540617845532513e-03
5.376540617845532513e-03
3.159510278456861831e-02
1.986525054190549366e-02
1.986525054190549366e-02
9.454646246982317120e-03
9.454646246982317120e-03
5.061110780320154240e-02
5.888017840290474259e-02
1.315428862338866370e-02
3.868138954681313735e-03
3.868138954681313735e-03
3.868138954681313735e-03
3.868138954681313735e-03
5.061110780320154240e-02
9.172253103588556139e-03
1.315428862338866370e-02
0.000000000000000000e+00
2.814990933540611421e-03
2.814990933540611421e-03
2.814990933540611421e-03
2.814990933540611421e-03
2.814990933540611421e-03
2.814990933540611421e-03
2.814990933540611421e-03
2.814990933540611421e-03
6.931439726459792672e-03
6.931439726459792672e-03
7.955571710877124350e-03
7.955571710877124350e-03
9.360775141018269976e-03
9.360775141018269976e-03
1.280747626021378101e-02
1.280747626021378101e-02
1.280747626021378101e-02
1.280747626021378101e-02
1.298217183517688840e-02
1.298217183517688840e-02
