2.773873474825070345e-05
0.000000000000000000e+00
0.000000000000000000e+00
6.818769012145252384e-03
6.818769012145252384e-03
6.818769012145252384e-03
6.818769012145252384e-03
6.818769012145252384e-03
6.818769012145252384e-03
6.818769012145252384e-03
6.818769012145252384e-03
6.818769012145252384e-03
6.818769012145252384e-03
6.818769012145252384e-03
2.773873474825070345e-05
2.773873474825070345e-05
2.773873474825070345e-05
2.773873474825070345e-05
2.773873474825070345e-05
2.773873474825070345e-05
2.773873474825070345e-05
2.773873474825070345e-05
2.773873474825070345e-05
2.773873474825070345e-05
5.791436786256448904e-04
5.791436786256448904e-04
5.791436786256448904e-04
5.791436786256448904e-04
5.791436786256448904e-04
5.791436786256448904e-04
5.791436786256448904e-04
5.791436786256448904e-04
5.791436786256448904e-04
5.791436786256448904e-04
5.791436786256448904e-04
5.791436786256448904e-04
5.791436786256448904e-04
5.791436786256448904e-04
5.791436786256448904e-04
2.432505602001720346e-03
2.432505602001720346e-03
2.432505602001720346e-03
2.432505602001720346e-03
2.432505602001720346e-03
2.432505602001720346e-03
2.432505602001720346e-03
2.432505602001720346e-03
2.432505602001720346e-03
2.432505602001720346e-03
2.432505602001720346e-03
2.432505602001720346e-03
2.432505602001720346e-03
1.764510510319456727e-04
1.764510510319456727e-04
1.764510510319456727e-04
1.764510510319456727e-04
1.764510510319456727e-04
1.764510510319456727e-04
1.764510510319456727e-04
1.764510510319456727e-04
1.764510510319456727e-04
1.764510510319456727e-04
1.764510510319456727e-04
1.764510510319456727e-04
1.764510510319456727e-04
5.410303295211870561e-03
1.294142066464526800e-02
1.294142066464526800e-02
1.294142066464526800e-02
1.294142066464526800e-02
1.294142066464526800e-02
1.294142066464526800e-02
1.389389517190942579e-02
9.932418021030382446e-03
9.932418021030382446e-03
1.389389517190942579e-02
8.533457512469335565e-03
8.533457512469335565e-03
6.652711559406313327e-03
8.533457512469335565e-03
8.533457512469335565e-03
8.533457512469335565e-03
4.464909397075842237e-04
4.464909397075842237e-04
4.464909397075842237e-04
4.464909397075842237e-04
4.464909397075842237e-04
1.148770986296285875e-03
4.464909397075842237e-04
1.148770986296285875e-03
7.142919446666414970e-03
7.142919446666414970e-03
2.146842564969391257e-02
0.000000000000000000e+00
0.000000000000000000e+00
0.000000000000000000e+00
0.000000000000000000e+00
0.000000000000000000e+00
0.000000000000000000e+00
2.146842564969391257e-02
2.146842564969391257e-02
2.146842564969391257e-02
2.146842564969391257e-02
4.878350639844391927e-03
4.878350639844391927e-03
4.878350639844391927e-03
4.878350639844391927e-03
4.878350639844391927e-03
4.878350639844391927e-03
4.878350639844391927e-03
4.878350639844391927e-03
4.878350639844391927e-03
4.878350639844391927e-03
4.878350639844391927e-03
4.878350639844391927e-03
4.878350639844391927e-03
4.878350639844391927e-03
4.878350639844391927e-03
4.878350639844391927e-03
4.878350639844391927e-03
4.878350639844391927e-03
4.878350639844391927e-03
1.620310499960719852e-01
2.381353972781038650e-02
2.381353972781038650e-02
2.381353972781038650e-02
2.381353972781038650e-02
2.381353972781038650e-02
2.381353972781038650e-02
0.000000000000000000e+00
0.000000000000000000e+00
0.000000000000000000e+00
0.000000000000000000e+00
0.000000000000000000e+00
0.000000000000000000e+00
0.000000000000000000e+00
0.000000000000000000e+00
0.000000000000000000e+00
0.000000000000000000e+00
0.000000000000000000e+00
1.617762974179208155e-02
2.863344669018178402e-03
2.863344669018178402e-03
2.525750482837140973e-02
1.525020251387037467e-03
1.525020251387037467e-03
2.149064617184243478e-02
2.149064617184243478e-02
2.149064617184243478e-02
2.149064617184243478e-02
2.149064617184243478e-02
2.149064617184243478e-02
2.149064617184243478e-02
2.149064617184243478e-02
2.149064617184243478e-02
2.149064617184243478e-02
2.149064617184243478e-02
1.617762974179208155e-02
1.677944731104652129e-02
1.677944731104652129e-02
1.677944731104652129e-02
1.677944731104652129e-02
1.677944731104652129e-02
1.677944731104652129e-02
1.677944731104652129e-02
1.677944731104652129e-02
1.824542763913612059e-02
1.677944731104652129e-02
3.037574967795870357e-02
3.037574967795870357e-02
3.037574967795870357e-02
3.037574967795870357e-02
3.037574967795870357e-02
3.037574967795870357e-02
3.037574967795870357e-02
3.037574967795870357e-02
3.037574967795870357e-02
3.037574967795870357e-02
3.037574967795870357e-02
1.173101330879470008e-02
2.809705413531837434e-02
2.809705413531837434e-02
2.595183551914639897e-02
5.958398097257438381e-03
5.958398097257438381e-03
5.958398097257438381e-03
5.958398097257438381e-03
1.173101330879470008e-02
1.173101330879470008e-02
1.173101330879470008e-02
1.173101330879470008e-02
1.173101330879470008e-02
1.173101330879470008e-02
1.173101330879470008e-02
1.173101330879470008e-02
1.173101330879470008e-02
1.173101330879470008e-02
1.173101330879470008e-02
1.173101330879470008e-02
1.173101330879470008e-02
1.173101330879470008e-02
1.173101330879470008e-02
1.173101330879470008e-02
3.123365904717072435e-03
8.997142362848254554e-03
8.997142362848254554e-03
2.595183551914639897e-02
2.595183551914639897e-02
2.595183551914639897e-02
2.595183551914639897e-02
2.595183551914639897e-02
2.595183551914639897e-02
4.991797717382871064e-02
1.620310499960719852e-01
1.620310499960719852e-01
1.620310499960719852e-01
2.911230410591287079e-02
0.000000000000000000e+00
0.000000000000000000e+00
0.000000000000000000e+00
0.000000000000000000e+00
0.000000000000000000e+00
0.000000000000000000e+00
0.000000000000000000e+00
0.000000000000000000e+00
0.000000000000000000e+00
0.000000000000000000e+00
8.552765688594139758e-04
0.000000000000000000e+00
0.000000000000000000e+00
2.554220617461450127e-02
3.600139737914279797e-02
3.600139737914279797e-02
0.000000000000000000e+00
0.000000000000000000e+00
0.000000000000000000e+00
0.000000000000000000e+00
0.000000000000000000e+00
0.000000000000000000e+00
0.000000000000000000e+00
0.000000000000000000e+00
0.000000000000000000e+00
0.000000000000000000e+00
3.072480153488099316e-02
3.072480153488099316e-02
3.072480153488099316e-02
3.072480153488099316e-02
3.072480153488099316e-02
3.072480153488099316e-02
3.072480153488099316e-02
3.072480153488099316e-02
3.072480153488099316e-02
3.072480153488099316e-02
3.072480153488099316e-02
3.072480153488099316e-02
3.072480153488099316e-02
0.000000000000000000e+00
3.072480153488099316e-02
1.229361019333951970e-02
1.229361019333951970e-02
1.229361019333951970e-02
1.229361019333951970e-02
1.229361019333951970e-02
1.229361019333951970e-02
1.229361019333951970e-02
1.229361019333951970e-02
1.229361019333951970e-02
1.229361019333951970e-02
1.229361019333951970e-02
1.673069148052264143e-02
1.673069148052264143e-02
1.673069148052264143e-02
1.673069148052264143e-02
1.673069148052264143e-02
1.673069148052264143e-02
1.673069148052264143e-02
1.673069148052264143e-02
1.673069148052264143e-02
1.673069148052264143e-02
1.673069148052264143e-02
1.673069148052264143e-02
1.673069148052264143e-02
1.673069148052264143e-02
1.673069148052264143e-02
9.114232080041280784e-03
9.847767852451453068e-04
9.114232080041280784e-03
9.114232080041280784e-03
9.114232080041280784e-03
9.114232080041280784e-03
9.114232080041280784e-03
9.847767852451453068e-04
9.847767852451453068e-04
9.847767852451453068e-04
9.847767852451453068e-04
9.847767852451453068e-04
3.494435851298716145e-02
0.000000000000000000e+00
0.000000000000000000e+00
1.097742600923413275e-02
0.000000000000000000e+00
0.000000000000000000e+00
0.000000000000000000e+00
0.000000000000000000e+00
0.000000000000000000e+00
0.000000000000000000e+00
1.250961022784055805e-02
1.559954679425980782e-02
1.559954679425980782e-02
1.559954679425980782e-02
1.559954679425980782e-02
5.576601113871762321e-03
4.741236142056900332e-03
4.741236142056900332e-03
9.509719065370823149e-03
3.301026346411982740e-03
3.301026346411982740e-03
3.301026346411982740e-03
3.301026346411982740e-03
3.301026346411982740e-03
3.301026346411982740e-03
3.301026346411982740e-03
3.301026346411982740e-03
0.000000000000000000e+00
0.000000000000000000e+00
0.000000000000000000e+00
0.000000000000000000e+00
0.000000000000000000e+00
0.000000000000000000e+00
0.000000000000000000e+00
0.000000000000000000e+00
0.000000000000000000e+00
1.069703389123431020e-02
1.245555321380474589e-02
1.245555321380474589e-02
1.245555321380474589e-02
1.245555321380474589e-02
1.245555321380474589e-02
1.245555321380474589e-02
1.245555321380474589e-02
1.245555321380474589e-02
1.245555321380474589e-02
1.245555321380474589e-02
1.245555321380474589e-02
1.245555321380474589e-02
1.245555321380474589e-02
1.245555321380474589e-02
8.171467635432144369e-03
8.171467635432144369e-03
8.171467635432144369e-03
8.171467635432144369e-03
8.171467635432144369e-03
8.171467635432144369e-03
8.171467635432144369e-03
8.171467635432144369e-03
8.171467635432144369e-03
8.171467635432144369e-03
8.171467635432144369e-03
8.171467635432144369e-03
8.171467635432144369e-03
0.000000000000000000e+00
0.000000000000000000e+00
0.000000000000000000e+00
0.000000000000000000e+00
0.000000000000000000e+00
1.499073317790477859e-02
9.968469584652592599e-03
9.968469584652592599e-03
9.968469584652592599e-03
9.968469584652592599e-03
9.968469584652592599e-03
9.968469584652592599e-03
9.497214794651782921e-02
7.526598847225519917e-02
7.526598847225519917e-02
7.526598847225519917e-02
7.526598847225519917e-02
7.526598847225519917e-02
7.526598847225519917e-02
7.526598847225519917e-02
7.526598847225519917e-02
0.000000000000000000e+00
0.000000000000000000e+00
0.000000000000000000e+00
2.235240461726336128e-02
9.820633373075312450e-03
9.820633373075312450e-03
9.820633373075312450e-03
9.820633373075312450e-03
9.820633373075312450e-03
9.820633373075312450e-03
1.431889027041917568e-02
2.416011712228295410e-04
2.416011712228295410e-04
2.416011712228295410e-04
2.416011712228295410e-04
1.640526744549518010e-02
2.208013972246715070e-02
1.640526744549518010e-02
2.208013972246715070e-02
2.496379828753985883e-02
2.208013972246715070e-02
1.828883302627362520e-03
5.395514195761914183e-03
1.828883302627362520e-03
1.828883302627362520e-03
1.828883302627362520e-03
1.828883302627362520e-03
1.828883302627362520e-03
1.828883302627362520e-03
1.828883302627362520e-03
1.828883302627362520e-03
1.828883302627362520e-03
1.828883302627362520e-03
1.828883302627362520e-03
1.828883302627362520e-03
1.828883302627362520e-03
1.828883302627362520e-03
1.828883302627362520e-03
1.828883302627362520e-03
1.828883302627362520e-03
1.828883302627362520e-03
1.828883302627362520e-03
5.395514195761914183e-03
1.987062857093986959e-02
9.668273244112226758e-03
9.668273244112226758e-03
9.668273244112226758e-03
9.668273244112226758e-03
9.668273244112226758e-03
9.668273244112226758e-03
9.668273244112226758e-03
9.668273244112226758e-03
6.700094016852276707e-03
7.072874329114327415e-04
7.072874329114327415e-04
7.072874329114327415e-04
7.072874329114327415e-04
7.072874329114327415e-04
7.072874329114327415e-04
7.072874329114327415e-04
7.072874329114327415e-04
7.072874329114327415e-04
7.072874329114327415e-04
7.072874329114327415e-04
7.072874329114327415e-04
4.882704762016832310e-03
2.155445720682789244e-03
2.155445720682789244e-03
1.116193516706912958e-04
4.704033097466950135e-03
4.704033097466950135e-03
1.034638371383174091e-02
1.034638371383174091e-02
1.034638371383174091e-02
1.034638371383174091e-02
1.034638371383174091e-02
1.034638371383174091e-02
1.034638371383174091e-02
1.034638371383174091e-02
1.034638371383174091e-02
1.034638371383174091e-02
1.034638371383174091e-02
1.034638371383174091e-02
1.034638371383174091e-02
1.590802322539515770e-02
1.346732119142448995e-02
1.346732119142448995e-02
1.346732119142448995e-02
1.346732119142448995e-02
1.346732119142448995e-02
1.346732119142448995e-02
1.857919663991133147e-02
0.000000000000000000e+00
0.000000000000000000e+00
0.000000000000000000e+00
0.000000000000000000e+00
3.985739030124746396e-02
3.985739030124746396e-02
3.985739030124746396e-02
3.985739030124746396e-02
3.985739030124746396e-02
3.985739030124746396e-02
3.985739030124746396e-02
3.985739030124746396e-02
3.985739030124746396e-02
3.985739030124746396e-02
3.985739030124746396e-02
1.097742600923413275e-02
8.552765688594139758e-04
8.552765688594139758e-04
8.552765688594139758e-04
8.552765688594139758e-04
8.552765688594139758e-04
8.552765688594139758e-04
8.552765688594139758e-04
8.552765688594139758e-04
8.552765688594139758e-04
1.136743586135113490e-02
1.136743586135113490e-02
1.136743586135113490e-02
1.136743586135113490e-02
1.136743586135113490e-02
1.136743586135113490e-02
1.136743586135113490e-02
1.136743586135113490e-02
1.136743586135113490e-02
1.136743586135113490e-02
1.136743586135113490e-02
1.136743586135113490e-02
1.136743586135113490e-02
1.047169046991083688e-03
9.173843200784946930e-03
9.173843200784946930e-03
9.173843200784946930e-03
9.173843200784946930e-03
9.173843200784946930e-03
9.173843200784946930e-03
9.173843200784946930e-03
9.173843200784946930e-03
9.173843200784946930e-03
9.173843200784946930e-03
9.173843200784946930e-03
9.173843200784946930e-03
9.173843200784946930e-03
9.173843200784946930e-03
9.173843200784946930e-03
9.173843200784946930e-03
2.436982609479486275e-03
2.374307049994202334e-03
2.374307049994202334e-03
1.493439966839141785e-02
7.636517100949101293e-03
7.636517100949101293e-03
1.493439966839141785e-02
5.464855378682470510e-01
5.464855378682470510e-01
5.464855378682470510e-01
5.464855378682470510e-01
4.606979057637804013e-03
1.516102612662479331e-02
1.516102612662479331e-02
1.516102612662479331e-02
1.516102612662479331e-02
1.516102612662479331e-02
1.516102612662479331e-02
2.302115645290662028e-03
1.275937754670908829e-02
1.275937754670908829e-02
1.275937754670908829e-02
1.275937754670908829e-02
1.275937754670908829e-02
1.275937754670908829e-02
1.275937754670908829e-02
1.275937754670908829e-02
1.275937754670908829e-02
1.275937754670908829e-02
1.275937754670908829e-02
1.275937754670908829e-02
1.275937754670908829e-02
1.275937754670908829e-02
1.363040318060275251e-02
2.125683940161844643e-02
2.125683940161844643e-02
2.125683940161844643e-02
2.125683940161844643e-02
2.125683940161844643e-02
2.125683940161844643e-02
2.125683940161844643e-02
2.125683940161844643e-02
2.125683940161844643e-02
2.125683940161844643e-02
2.125683940161844643e-02
2.125683940161844643e-02
2.125683940161844643e-02
2.125683940161844643e-02
2.125683940161844643e-02
2.125683940161844643e-02
0.000000000000000000e+00
1.953516214459763423e-02
1.953516214459763423e-02
0.000000000000000000e+00
1.953516214459763423e-02
1.299036141497839601e-02
1.299036141497839601e-02
1.299036141497839601e-02
1.299036141497839601e-02
1.299036141497839601e-02
1.299036141497839601e-02
1.299036141497839601e-02
1.299036141497839601e-02
1.299036141497839601e-02
1.299036141497839601e-02
1.299036141497839601e-02
1.184184851663628267e-02
1.167510123141915143e-03
1.167510123141915143e-03
1.167510123141915143e-03
1.167510123141915143e-03
1.167510123141915143e-03
1.167510123141915143e-03
1.084882167362054457e-02
8.061429154114903295e-03
8.061429154114903295e-03
8.061429154114903295e-03
8.061429154114903295e-03
8.061429154114903295e-03
8.061429154114903295e-03
3.147942105199113671e-03
5.083246796366835789e-03
5.083246796366835789e-03
5.083246796366835789e-03
5.083246796366835789e-03
5.083246796366835789e-03
5.083246796366835789e-03
2.424689212161500879e-03
2.424689212161500879e-03
2.424689212161500879e-03
2.424689212161500879e-03
2.424689212161500879e-03
2.424689212161500879e-03
2.424689212161500879e-03
2.424689212161500879e-03
2.424689212161500879e-03
2.424689212161500879e-03
2.424689212161500879e-03
2.424689212161500879e-03
2.424689212161500879e-03
2.424689212161500879e-03
2.424689212161500879e-03
2.424689212161500879e-03
2.424689212161500879e-03
7.625966726737935103e-03
7.625966726737935103e-03
7.625966726737935103e-03
7.625966726737935103e-03
7.625966726737935103e-03
7.625966726737935103e-03
7.625966726737935103e-03
7.625966726737935103e-03
7.625966726737935103e-03
7.625966726737935103e-03
7.625966726737935103e-03
7.625966726737935103e-03
7.625966726737935103e-03
7.625966726737935103e-03
7.625966726737935103e-03
7.625966726737935103e-03
7.625966726737935103e-03
7.625966726737935103e-03
7.625966726737935103e-03
9.497214794651782921e-02
9.174500035626854044e-04
9.174500035626854044e-04
0.000000000000000000e+00
0.000000000000000000e+00
0.000000000000000000e+00
0.000000000000000000e+00
0.000000000000000000e+00
0.000000000000000000e+00
0.000000000000000000e+00
0.000000000000000000e+00
0.000000000000000000e+00
0.000000000000000000e+00
0.000000000000000000e+00
1.184184851663628267e-02
1.340602989830083983e-03
1.340602989830083983e-03
0.000000000000000000e+00
0.000000000000000000e+00
0.000000000000000000e+00
0.000000000000000000e+00
0.000000000000000000e+00
1.590802322539515770e-02
2.463400453819556725e-03
2.463400453819556725e-03
2.463400453819556725e-03
2.463400453819556725e-03
8.115042067899067707e-03
1.761233572163616251e-03
1.761233572163616251e-03
1.761233572163616251e-03
1.761233572163616251e-03
1.761233572163616251e-03
1.761233572163616251e-03
1.761233572163616251e-03
1.761233572163616251e-03
0.000000000000000000e+00
0.000000000000000000e+00
0.000000000000000000e+00
0.000000000000000000e+00
0.000000000000000000e+00
3.170629430643680247e-02
4.231227719137504312e-02
4.231227719137504312e-02
1.970372591665170425e-02
1.499073317790477859e-02
9.497214794651782921e-02
9.497214794651782921e-02
9.497214794651782921e-02
9.497214794651782921e-02
9.497214794651782921e-02
0.000000000000000000e+00
0.000000000000000000e+00
0.000000000000000000e+00
0.000000000000000000e+00
1.612527050316918051e-02
1.612527050316918051e-02
1.612527050316918051e-02
1.612527050316918051e-02
1.612527050316918051e-02
1.612527050316918051e-02
1.612527050316918051e-02
1.612527050316918051e-02
1.612527050316918051e-02
1.612527050316918051e-02
1.612527050316918051e-02
9.633229376913301015e-03
1.621747175986122148e-04
1.621747175986122148e-04
1.621747175986122148e-04
1.621747175986122148e-04
2.126351662554476496e-02
1.068115329362181488e-02
1.068115329362181488e-02
1.068115329362181488e-02
1.068115329362181488e-02
1.068115329362181488e-02
1.068115329362181488e-02
1.068115329362181488e-02
1.068115329362181488e-02
1.032101243566209067e-02
3.748170648564621166e-03
3.748170648564621166e-03
3.748170648564621166e-03
3.748170648564621166e-03
3.748170648564621166e-03
3.748170648564621166e-03
1.804108249702045252e-02
1.707940906013322852e-02
1.707940906013322852e-02
2.883997644661401207e-03
5.679040679901745797e-03
5.679040679901745797e-03
0.000000000000000000e+00
0.000000000000000000e+00
0.000000000000000000e+00
0.000000000000000000e+00
1.045750322873431441e-02
4.713917975594503380e-03
4.713917975594503380e-03
4.713917975594503380e-03
4.713917975594503380e-03
4.713917975594503380e-03
4.713917975594503380e-03
4.713917975594503380e-03
4.713917975594503380e-03
4.713917975594503380e-03
4.713917975594503380e-03
0.000000000000000000e+00
0.000000000000000000e+00
0.000000000000000000e+00
0.000000000000000000e+00
0.000000000000000000e+00
0.000000000000000000e+00
0.000000000000000000e+00
0.000000000000000000e+00
0.000000000000000000e+00
0.000000000000000000e+00
0.000000000000000000e+00
0.000000000000000000e+00
0.000000000000000000e+00
0.000000000000000000e+00
0.000000000000000000e+00
1.449672679262281952e-02
6.327635172986735904e-03
6.327635172986735904e-03
6.327635172986735904e-03
6.327635172986735904e-03
3.716396866041250108e-02
3.812648071516992754e-02
3.812648071516992754e-02
3.812648071516992754e-02
3.812648071516992754e-02
3.812648071516992754e-02
3.812648071516992754e-02
1.593807418758048022e-04
2.078762364605553706e-02
2.078762364605553706e-02
1.069703389123431020e-02
1.069703389123431020e-02
3.351215809256834124e-03
9.340895426526310899e-03
9.340895426526310899e-03
9.340895426526310899e-03
9.340895426526310899e-03
9.340895426526310899e-03
9.340895426526310899e-03
4.359467560269580239e-02
2.525750482837140973e-02
2.525750482837140973e-02
2.525750482837140973e-02
8.398281077645140813e-03
7.617911042501923635e-03
7.617911042501923635e-03
1.818929206659752407e-03
1.017295353803505942e-02
1.017295353803505942e-02
2.829552313557308525e-03
1.874390456240511166e-03
1.874390456240511166e-03
1.957487249316238256e-02
1.957487249316238256e-02
1.957487249316238256e-02
1.957487249316238256e-02
1.957487249316238256e-02
8.398281077645140813e-03
1.957487249316238256e-02
1.957487249316238256e-02
1.957487249316238256e-02
1.170919458601391190e-02
2.062112135198514856e-02
2.062112135198514856e-02
0.000000000000000000e+00
0.000000000000000000e+00
0.000000000000000000e+00
0.000000000000000000e+00
8.478806244438320469e-03
2.436982609479486275e-03
2.436982609479486275e-03
2.436982609479486275e-03
2.436982609479486275e-03
2.436982609479486275e-03
2.436982609479486275e-03
2.436982609479486275e-03
2.436982609479486275e-03
2.436982609479486275e-03
9.509719065370823149e-03
9.509719065370823149e-03
2.115804459427775286e-02
4.085177291632731585e-03
4.085177291632731585e-03
4.477332765839311772e-03
4.085177291632731585e-03
4.085177291632731585e-03
4.085177291632731585e-03
4.085177291632731585e-03
4.085177291632731585e-03
4.064530440492287837e-03
1.032101243566209067e-02
2.829552313557308525e-03
8.928883930530684063e-03
8.928883930530684063e-03
8.928883930530684063e-03
8.928883930530684063e-03
0.000000000000000000e+00
0.000000000000000000e+00
0.000000000000000000e+00
0.000000000000000000e+00
0.000000000000000000e+00
0.000000000000000000e+00
0.000000000000000000e+00
0.000000000000000000e+00
0.000000000000000000e+00
2.496379828753985883e-02
1.894193780411267472e-02
1.894193780411267472e-02
1.894193780411267472e-02
1.894193780411267472e-02
1.894193780411267472e-02
1.894193780411267472e-02
3.241343830553042316e-02
3.304029438731358181e-02
3.304029438731358181e-02
2.871855419458412689e-02
3.304029438731358181e-02
2.841770970874337582e-02
2.841770970874337582e-02
2.841770970874337582e-02
2.841770970874337582e-02
2.841770970874337582e-02
2.841770970874337582e-02
2.841770970874337582e-02
2.841770970874337582e-02
2.841770970874337582e-02
2.841770970874337582e-02
2.841770970874337582e-02
2.841770970874337582e-02
2.841770970874337582e-02
2.841770970874337582e-02
2.841770970874337582e-02
2.841770970874337582e-02
2.841770970874337582e-02
8.950127158077235759e-03
4.822688208213661044e-03
4.822688208213661044e-03
6.934436495327916256e-03
6.934436495327916256e-03
6.934436495327916256e-03
6.934436495327916256e-03
6.934436495327916256e-03
6.934436495327916256e-03
6.934436495327916256e-03
6.934436495327916256e-03
6.934436495327916256e-03
6.934436495327916256e-03
6.934436495327916256e-03
6.934436495327916256e-03
6.934436495327916256e-03
6.934436495327916256e-03
6.934436495327916256e-03
6.934436495327916256e-03
6.934436495327916256e-03
6.934436495327916256e-03
6.934436495327916256e-03
6.934436495327916256e-03
6.934436495327916256e-03
1.462374160510407708e-02
3.360883701003917513e-04
3.360883701003917513e-04
3.360883701003917513e-04
3.360883701003917513e-04
3.360883701003917513e-04
3.360883701003917513e-04
3.360883701003917513e-04
3.360883701003917513e-04
4.991797717382871064e-02
4.991797717382871064e-02
1.257284521881175607e-02
1.804108249702045252e-02
0.000000000000000000e+00
5.461355809773162789e-03
5.461355809773162789e-03
5.461355809773162789e-03
5.461355809773162789e-03
5.461355809773162789e-03
5.461355809773162789e-03
5.461355809773162789e-03
5.461355809773162789e-03
5.461355809773162789e-03
5.461355809773162789e-03
5.461355809773162789e-03
5.461355809773162789e-03
1.773891952671330808e-03
1.349494275584797037e-02
1.773891952671330808e-03
1.773891952671330808e-03
1.773891952671330808e-03
1.773891952671330808e-03
1.773891952671330808e-03
1.773891952671330808e-03
1.773891952671330808e-03
1.349494275584797037e-02
1.349494275584797037e-02
1.349494275584797037e-02
2.609019623480518871e-02
0.000000000000000000e+00
0.000000000000000000e+00
8.950127158077235759e-03
8.950127158077235759e-03
8.950127158077235759e-03
0.000000000000000000e+00
8.950127158077235759e-03
8.950127158077235759e-03
1.814166487502530054e-02
1.339433796628010419e-03
1.339433796628010419e-03
1.339433796628010419e-03
1.339433796628010419e-03
1.339433796628010419e-03
1.339433796628010419e-03
1.184184851663628267e-02
1.184184851663628267e-02
1.184184851663628267e-02
1.431889027041917568e-02
3.169757806363363017e-02
3.169757806363363017e-02
1.046227763718892215e-02
1.767012502161378548e-02
1.767012502161378548e-02
1.767012502161378548e-02
1.767012502161378548e-02
1.767012502161378548e-02
1.767012502161378548e-02
1.767012502161378548e-02
1.767012502161378548e-02
1.767012502161378548e-02
1.767012502161378548e-02
0.000000000000000000e+00
2.743058233537666243e-02
2.743058233537666243e-02
2.743058233537666243e-02
2.743058233537666243e-02
2.743058233537666243e-02
2.743058233537666243e-02
2.743058233537666243e-02
2.743058233537666243e-02
3.817049058639196673e-03
6.437638255416996448e-03
6.437638255416996448e-03
2.755361095416210531e-03
2.915164996785320987e-03
2.915164996785320987e-03
2.915164996785320987e-03
2.915164996785320987e-03
2.915164996785320987e-03
2.915164996785320987e-03
3.790802645508486741e-03
1.337111278109286323e-02
1.337111278109286323e-02
1.337111278109286323e-02
1.337111278109286323e-02
1.337111278109286323e-02
1.337111278109286323e-02
0.000000000000000000e+00
3.827619900042860540e-02
3.827619900042860540e-02
3.827619900042860540e-02
3.827619900042860540e-02
3.827619900042860540e-02
3.827619900042860540e-02
3.827619900042860540e-02
3.827619900042860540e-02
3.827619900042860540e-02
3.827619900042860540e-02
3.827619900042860540e-02
3.827619900042860540e-02
3.817049058639196673e-03
3.817049058639196673e-03
3.817049058639196673e-03
3.817049058639196673e-03
3.817049058639196673e-03
3.817049058639196673e-03
3.817049058639196673e-03
3.817049058639196673e-03
3.817049058639196673e-03
3.817049058639196673e-03
3.817049058639196673e-03
3.817049058639196673e-03
3.817049058639196673e-03
3.817049058639196673e-03
3.817049058639196673e-03
3.817049058639196673e-03
3.817049058639196673e-03
3.817049058639196673e-03
0.000000000000000000e+00
0.000000000000000000e+00
2.829552313557308525e-03
2.829552313557308525e-03
2.829552313557308525e-03
2.829552313557308525e-03
2.829552313557308525e-03
1.667092018509492776e-02
8.796297266200519757e-03
8.796297266200519757e-03
8.796297266200519757e-03
8.796297266200519757e-03
1.857919663991133147e-02
2.335013249308796543e-02
1.639465777075894970e-02
2.335013249308796543e-02
1.045750322873431441e-02
1.577509655451575857e-02
1.577509655451575857e-02
2.503895376590542163e-02
2.503895376590542163e-02
2.503895376590542163e-02
2.503895376590542163e-02
2.503895376590542163e-02
2.503895376590542163e-02
2.503895376590542163e-02
2.503895376590542163e-02
2.503895376590542163e-02
2.503895376590542163e-02
2.503895376590542163e-02
2.503895376590542163e-02
2.503895376590542163e-02
0.000000000000000000e+00
0.000000000000000000e+00
1.373899111128760856e-04
0.000000000000000000e+00
0.000000000000000000e+00
0.000000000000000000e+00
0.000000000000000000e+00
1.247625714587084593e-02
3.496320764304911271e-03
3.496320764304911271e-03
3.496320764304911271e-03
3.496320764304911271e-03
3.496320764304911271e-03
3.496320764304911271e-03
3.272717171279553722e-02
3.241343830553042316e-02
2.554220617461450127e-02
3.123365904717072435e-03
3.123365904717072435e-03
3.123365904717072435e-03
0.000000000000000000e+00
7.636874088861184129e-03
7.636874088861184129e-03
7.636874088861184129e-03
7.636874088861184129e-03
7.636874088861184129e-03
7.636874088861184129e-03
7.636874088861184129e-03
7.636874088861184129e-03
3.118447527297796892e-03
1.814166487502530054e-02
1.814166487502530054e-02
1.814166487502530054e-02
6.025820354623654534e-03
2.654856112149447597e-02
2.654856112149447597e-02
2.654856112149447597e-02
2.654856112149447597e-02
2.654856112149447597e-02
2.654856112149447597e-02
2.654856112149447597e-02
2.654856112149447597e-02
0.000000000000000000e+00
0.000000000000000000e+00
0.000000000000000000e+00
2.225077473149035534e-02
4.864687007335504951e-03
4.864687007335504951e-03
4.864687007335504951e-03
4.864687007335504951e-03
4.864687007335504951e-03
4.864687007335504951e-03
4.864687007335504951e-03
4.864687007335504951e-03
0.000000000000000000e+00
0.000000000000000000e+00
0.000000000000000000e+00
0.000000000000000000e+00
0.000000000000000000e+00
9.370015245579560795e-03
2.376124421805029738e-02
2.376124421805029738e-02
2.609019623480518871e-02
2.376124421805029738e-02
2.755361095416210531e-03
2.755361095416210531e-03
2.755361095416210531e-03
2.755361095416210531e-03
8.398281077645140813e-03
8.398281077645140813e-03
3.076591551374204588e-03
3.076591551374204588e-03
3.076591551374204588e-03
3.076591551374204588e-03
3.076591551374204588e-03
3.076591551374204588e-03
3.076591551374204588e-03
3.076591551374204588e-03
3.076591551374204588e-03
3.076591551374204588e-03
3.076591551374204588e-03
1.524800144104405605e-02
0.000000000000000000e+00
0.000000000000000000e+00
0.000000000000000000e+00
0.000000000000000000e+00
0.000000000000000000e+00
1.043701017677092432e-02
1.043701017677092432e-02
1.043701017677092432e-02
1.043701017677092432e-02
1.043701017677092432e-02
1.043701017677092432e-02
1.043701017677092432e-02
1.043701017677092432e-02
1.043701017677092432e-02
1.043701017677092432e-02
1.043701017677092432e-02
1.043701017677092432e-02
1.043701017677092432e-02
1.043701017677092432e-02
1.043701017677092432e-02
1.043701017677092432e-02
1.043701017677092432e-02
1.043701017677092432e-02
1.043701017677092432e-02
1.043701017677092432e-02
1.043701017677092432e-02
1.043701017677092432e-02
1.043701017677092432e-02
1.043701017677092432e-02
4.882704762016832310e-03
4.882704762016832310e-03
1.506216825952497694e-03
4.882704762016832310e-03
8.827196508499119592e-04
3.545061560323388775e-03
3.545061560323388775e-03
3.545061560323388775e-03
3.545061560323388775e-03
3.545061560323388775e-03
3.545061560323388775e-03
3.545061560323388775e-03
3.545061560323388775e-03
3.545061560323388775e-03
3.545061560323388775e-03
3.545061560323388775e-03
3.545061560323388775e-03
0.000000000000000000e+00
2.109076666505595166e-02
2.109076666505595166e-02
1.261380498199510432e-02
2.109076666505595166e-02
1.506216825952497694e-03
5.576601113871762321e-03
0.000000000000000000e+00
0.000000000000000000e+00
0.000000000000000000e+00
0.000000000000000000e+00
0.000000000000000000e+00
0.000000000000000000e+00
0.000000000000000000e+00
5.232584688578311100e-04
5.232584688578311100e-04
5.232584688578311100e-04
5.232584688578311100e-04
5.232584688578311100e-04
5.232584688578311100e-04
5.232584688578311100e-04
5.232584688578311100e-04
5.232584688578311100e-04
5.232584688578311100e-04
5.232584688578311100e-04
0.000000000000000000e+00
1.524800144104405605e-02
1.524800144104405605e-02
1.524800144104405605e-02
1.524800144104405605e-02
1.524800144104405605e-02
0.000000000000000000e+00
0.000000000000000000e+00
0.000000000000000000e+00
0.000000000000000000e+00
0.000000000000000000e+00
2.883997644661401207e-03
2.883997644661401207e-03
1.324565219973096973e-02
2.883997644661401207e-03
2.883997644661401207e-03
2.883997644661401207e-03
0.000000000000000000e+00
0.000000000000000000e+00
0.000000000000000000e+00
0.000000000000000000e+00
0.000000000000000000e+00
0.000000000000000000e+00
0.000000000000000000e+00
2.741756269198874357e-02
0.000000000000000000e+00
0.000000000000000000e+00
2.126351662554476496e-02
2.126351662554476496e-02
1.667092018509492776e-02
0.000000000000000000e+00
0.000000000000000000e+00
0.000000000000000000e+00
1.392372267095485713e-02
0.000000000000000000e+00
0.000000000000000000e+00
0.000000000000000000e+00
0.000000000000000000e+00
0.000000000000000000e+00
0.000000000000000000e+00
2.225077473149035534e-02
2.225077473149035534e-02
6.361627501749580809e-04
0.000000000000000000e+00
0.000000000000000000e+00
0.000000000000000000e+00
0.000000000000000000e+00
1.506216825952497694e-03
1.506216825952497694e-03
1.506216825952497694e-03
1.506216825952497694e-03
1.506216825952497694e-03
0.000000000000000000e+00
9.633229376913301015e-03
9.633229376913301015e-03
9.633229376913301015e-03
9.633229376913301015e-03
9.633229376913301015e-03
9.633229376913301015e-03
9.633229376913301015e-03
9.633229376913301015e-03
8.070382032521129095e-03
2.741756269198874357e-02
2.741756269198874357e-02
2.741756269198874357e-02
2.741756269198874357e-02
2.741756269198874357e-02
2.741756269198874357e-02
2.741756269198874357e-02
2.741756269198874357e-02
2.741756269198874357e-02
1.540749664985572621e-02
2.037112682659024746e-02
2.037112682659024746e-02
2.037112682659024746e-02
2.037112682659024746e-02
1.046227763718892215e-02
1.046227763718892215e-02
9.976964559162491974e-03
7.732714143229024902e-03
7.732714143229024902e-03
7.732714143229024902e-03
7.732714143229024902e-03
7.732714143229024902e-03
7.732714143229024902e-03
5.545489559152134117e-03
5.545489559152134117e-03
5.545489559152134117e-03
5.545489559152134117e-03
5.545489559152134117e-03
5.545489559152134117e-03
5.545489559152134117e-03
5.545489559152134117e-03
5.545489559152134117e-03
5.545489559152134117e-03
5.545489559152134117e-03
6.025820354623654534e-03
6.025820354623654534e-03
6.025820354623654534e-03
6.025820354623654534e-03
6.524824453281421327e-03
3.049575904741142797e-03
3.049575904741142797e-03
5.410303295211870561e-03
9.789532628738030484e-03
9.789532628738030484e-03
1.449672679262281952e-02
4.333476863612005514e-02
4.333476863612005514e-02
4.333476863612005514e-02
4.333476863612005514e-02
4.616541320177153067e-03
1.717459070339459604e-02
1.717459070339459604e-02
1.392372267095485713e-02
1.392372267095485713e-02
1.392372267095485713e-02
1.392372267095485713e-02
1.401199226948213715e-02
3.775008263974095456e-03
3.775008263974095456e-03
5.227150603613692735e-03
0.000000000000000000e+00
0.000000000000000000e+00
0.000000000000000000e+00
6.361627501749580809e-04
1.250961022784055805e-02
2.733113584133319961e-03
3.183652930370676256e-03
3.183652930370676256e-03
3.183652930370676256e-03
3.183652930370676256e-03
3.183652930370676256e-03
3.183652930370676256e-03
4.616541320177153067e-03
4.616541320177153067e-03
4.616541320177153067e-03
4.616541320177153067e-03
4.616541320177153067e-03
4.616541320177153067e-03
4.616541320177153067e-03
4.616541320177153067e-03
2.009328927673819515e-02
2.009328927673819515e-02
2.009328927673819515e-02
2.009328927673819515e-02
2.009328927673819515e-02
2.009328927673819515e-02
2.009328927673819515e-02
2.009328927673819515e-02
2.009328927673819515e-02
2.009328927673819515e-02
2.009328927673819515e-02
2.009328927673819515e-02
2.009328927673819515e-02
0.000000000000000000e+00
0.000000000000000000e+00
0.000000000000000000e+00
0.000000000000000000e+00
0.000000000000000000e+00
0.000000000000000000e+00
0.000000000000000000e+00
0.000000000000000000e+00
0.000000000000000000e+00
0.000000000000000000e+00
0.000000000000000000e+00
0.000000000000000000e+00
0.000000000000000000e+00
0.000000000000000000e+00
0.000000000000000000e+00
2.005055236500107030e-02
2.441177184022228636e-02
2.441177184022228636e-02
0.000000000000000000e+00
0.000000000000000000e+00
0.000000000000000000e+00
0.000000000000000000e+00
0.000000000000000000e+00
0.000000000000000000e+00
1.824542763913612059e-02
1.824542763913612059e-02
1.824542763913612059e-02
2.631728258514188742e-04
0.000000000000000000e+00
0.000000000000000000e+00
5.562610329968462226e-03
5.562610329968462226e-03
5.562610329968462226e-03
5.562610329968462226e-03
5.562610329968462226e-03
5.562610329968462226e-03
5.562610329968462226e-03
5.562610329968462226e-03
5.562610329968462226e-03
5.562610329968462226e-03
5.562610329968462226e-03
5.562610329968462226e-03
5.562610329968462226e-03
1.191427777791051468e-02
2.339767540473996262e-03
2.339767540473996262e-03
0.000000000000000000e+00
0.000000000000000000e+00
0.000000000000000000e+00
0.000000000000000000e+00
0.000000000000000000e+00
3.170629430643680247e-02
6.998180412475229215e-04
6.998180412475229215e-04
6.998180412475229215e-04
6.998180412475229215e-04
0.000000000000000000e+00
2.631728258514188742e-04
0.000000000000000000e+00
0.000000000000000000e+00
0.000000000000000000e+00
0.000000000000000000e+00
0.000000000000000000e+00
0.000000000000000000e+00
6.816175115516137639e-02
7.140954927232336623e-03
7.140954927232336623e-03
1.233417562546696572e-02
0.000000000000000000e+00
0.000000000000000000e+00
0.000000000000000000e+00
0.000000000000000000e+00
0.000000000000000000e+00
0.000000000000000000e+00
1.590802322539515770e-02
8.115042067899067707e-03
8.115042067899067707e-03
1.841734093759064828e-02
0.000000000000000000e+00
0.000000000000000000e+00
0.000000000000000000e+00
0.000000000000000000e+00
0.000000000000000000e+00
0.000000000000000000e+00
0.000000000000000000e+00
0.000000000000000000e+00
0.000000000000000000e+00
0.000000000000000000e+00
0.000000000000000000e+00
0.000000000000000000e+00
0.000000000000000000e+00
0.000000000000000000e+00
0.000000000000000000e+00
1.220899983298815925e-02
1.342873280380661206e-02
1.342873280380661206e-02
1.342873280380661206e-02
1.342873280380661206e-02
1.342873280380661206e-02
1.342873280380661206e-02
1.342873280380661206e-02
1.342873280380661206e-02
4.664725026412701065e-05
4.664725026412701065e-05
4.664725026412701065e-05
4.664725026412701065e-05
4.664725026412701065e-05
4.664725026412701065e-05
4.664725026412701065e-05
4.664725026412701065e-05
4.664725026412701065e-05
4.664725026412701065e-05
4.664725026412701065e-05
2.471345954114919849e-02
0.000000000000000000e+00
0.000000000000000000e+00
1.995474537388245567e-03
1.047169046991083688e-03
1.047169046991083688e-03
1.047169046991083688e-03
1.047169046991083688e-03
1.047169046991083688e-03
6.616389102732689841e-03
2.173791967477891468e-02
2.173791967477891468e-02
3.047365218160462755e-02
1.823786987125581086e-02
1.823786987125581086e-02
0.000000000000000000e+00
0.000000000000000000e+00
0.000000000000000000e+00
0.000000000000000000e+00
0.000000000000000000e+00
0.000000000000000000e+00
0.000000000000000000e+00
0.000000000000000000e+00
0.000000000000000000e+00
0.000000000000000000e+00
0.000000000000000000e+00
0.000000000000000000e+00
0.000000000000000000e+00
3.023737251513208563e-03
1.428511769410991880e-02
1.428511769410991880e-02
1.428511769410991880e-02
1.428511769410991880e-02
1.428511769410991880e-02
1.428511769410991880e-02
1.428511769410991880e-02
1.428511769410991880e-02
0.000000000000000000e+00
0.000000000000000000e+00
1.516508033377120040e-03
2.104233828761478339e-03
2.104233828761478339e-03
2.104233828761478339e-03
2.104233828761478339e-03
1.558755670985230912e-03
2.579057657938539205e-03
2.579057657938539205e-03
2.579057657938539205e-03
2.579057657938539205e-03
2.579057657938539205e-03
2.579057657938539205e-03
2.579057657938539205e-03
2.579057657938539205e-03
2.579057657938539205e-03
2.579057657938539205e-03
2.579057657938539205e-03
2.579057657938539205e-03
1.462374160510407708e-02
1.462374160510407708e-02
1.462374160510407708e-02
1.462374160510407708e-02
0.000000000000000000e+00
0.000000000000000000e+00
0.000000000000000000e+00
0.000000000000000000e+00
0.000000000000000000e+00
0.000000000000000000e+00
0.000000000000000000e+00
0.000000000000000000e+00
0.000000000000000000e+00
0.000000000000000000e+00
0.000000000000000000e+00
0.000000000000000000e+00
1.396744382251068582e-02
6.178667941227281545e-03
6.178667941227281545e-03
6.178667941227281545e-03
6.178667941227281545e-03
6.178667941227281545e-03
6.178667941227281545e-03
6.178667941227281545e-03
6.178667941227281545e-03
7.390929549792712300e-03
4.463204432400402072e-03
4.463204432400402072e-03
4.463204432400402072e-03
4.463204432400402072e-03
4.463204432400402072e-03
4.463204432400402072e-03
4.463204432400402072e-03
4.463204432400402072e-03
2.337028881742377084e-04
8.313363562609081547e-04
8.313363562609081547e-04
8.313363562609081547e-04
8.313363562609081547e-04
8.313363562609081547e-04
8.313363562609081547e-04
8.313363562609081547e-04
8.313363562609081547e-04
3.118447527297796892e-03
3.118447527297796892e-03
3.118447527297796892e-03
3.118447527297796892e-03
3.118447527297796892e-03
3.118447527297796892e-03
3.118447527297796892e-03
3.118447527297796892e-03
2.194704551163080899e-02
6.230691371753158646e-03
6.230691371753158646e-03
6.230691371753158646e-03
6.230691371753158646e-03
6.230691371753158646e-03
6.230691371753158646e-03
6.230691371753158646e-03
6.230691371753158646e-03
6.230691371753158646e-03
6.230691371753158646e-03
1.415074146754929756e-02
1.415074146754929756e-02
1.415074146754929756e-02
1.415074146754929756e-02
1.415074146754929756e-02
1.415074146754929756e-02
1.415074146754929756e-02
1.415074146754929756e-02
1.415074146754929756e-02
1.415074146754929756e-02
1.415074146754929756e-02
1.543017710536725116e-02
3.047365218160462755e-02
3.047365218160462755e-02
3.047365218160462755e-02
3.047365218160462755e-02
3.047365218160462755e-02
1.368422113550750441e-02
1.528597072542756986e-02
1.528597072542756986e-02
1.528597072542756986e-02
1.528597072542756986e-02
4.606979057637804013e-03
4.606979057637804013e-03
4.606979057637804013e-03
4.606979057637804013e-03
4.606979057637804013e-03
4.606979057637804013e-03
4.606979057637804013e-03
4.606979057637804013e-03
4.606979057637804013e-03
4.606979057637804013e-03
3.790802645508486741e-03
3.790802645508486741e-03
3.790802645508486741e-03
3.790802645508486741e-03
2.337028881742377084e-04
2.337028881742377084e-04
2.337028881742377084e-04
2.337028881742377084e-04
2.337028881742377084e-04
2.337028881742377084e-04
2.337028881742377084e-04
2.337028881742377084e-04
1.233417562546696572e-02
5.420955735854617562e-03
5.420955735854617562e-03
2.011600092368242415e-02
2.817914737858370072e-02
2.817914737858370072e-02
2.817914737858370072e-02
2.817914737858370072e-02
1.084882167362054457e-02
1.084882167362054457e-02
1.084882167362054457e-02
1.084882167362054457e-02
1.084882167362054457e-02
1.084882167362054457e-02
1.120889447861251123e-02
1.542523124874303070e-02
1.542523124874303070e-02
3.379937129591185918e-02
6.816175115516137639e-02
6.816175115516137639e-02
6.816175115516137639e-02
6.816175115516137639e-02
6.816175115516137639e-02
1.220899983298815925e-02
1.073956414416091937e-02
1.073956414416091937e-02
0.000000000000000000e+00
2.871855419458412689e-02
0.000000000000000000e+00
0.000000000000000000e+00
0.000000000000000000e+00
0.000000000000000000e+00
7.898356458348203615e-03
1.073640566027141661e-02
1.073640566027141661e-02
1.073640566027141661e-02
1.073640566027141661e-02
0.000000000000000000e+00
0.000000000000000000e+00
0.000000000000000000e+00
2.011600092368242415e-02
1.288862544100506657e-02
1.288862544100506657e-02
1.288862544100506657e-02
1.288862544100506657e-02
1.444609899429197047e-03
7.764809669892892147e-03
7.764809669892892147e-03
0.000000000000000000e+00
0.000000000000000000e+00
0.000000000000000000e+00
0.000000000000000000e+00
0.000000000000000000e+00
2.176836331246987874e-02
2.005055236500107030e-02
2.005055236500107030e-02
2.005055236500107030e-02
2.005055236500107030e-02
2.005055236500107030e-02
1.131924798329883922e-02
1.837673812097426803e-03
1.837673812097426803e-03
1.837673812097426803e-03
1.837673812097426803e-03
1.837673812097426803e-03
1.837673812097426803e-03
1.837673812097426803e-03
1.837673812097426803e-03
1.837673812097426803e-03
1.837673812097426803e-03
1.837673812097426803e-03
1.837673812097426803e-03
3.813595919212674212e-02
2.638254395006833439e-02
2.638254395006833439e-02
2.638254395006833439e-02
2.638254395006833439e-02
2.638254395006833439e-02
2.638254395006833439e-02
6.700094016852276707e-03
6.700094016852276707e-03
2.054696231517292703e-03
9.734412439257890057e-03
9.734412439257890057e-03
9.734412439257890057e-03
9.734412439257890057e-03
9.734412439257890057e-03
9.734412439257890057e-03
6.703679516699770358e-02
3.117928675885053152e-02
3.117928675885053152e-02
3.117928675885053152e-02
3.117928675885053152e-02
3.117928675885053152e-02
3.117928675885053152e-02
3.117928675885053152e-02
3.117928675885053152e-02
2.115804459427775286e-02
1.070524285010505776e-02
1.070524285010505776e-02
1.212777795008099452e-03
1.212777795008099452e-03
1.212777795008099452e-03
1.212777795008099452e-03
1.212777795008099452e-03
1.212777795008099452e-03
1.212777795008099452e-03
1.212777795008099452e-03
1.212777795008099452e-03
1.212777795008099452e-03
1.212777795008099452e-03
1.247625714587084593e-02
0.000000000000000000e+00
0.000000000000000000e+00
0.000000000000000000e+00
0.000000000000000000e+00
0.000000000000000000e+00
0.000000000000000000e+00
0.000000000000000000e+00
0.000000000000000000e+00
0.000000000000000000e+00
0.000000000000000000e+00
0.000000000000000000e+00
0.000000000000000000e+00
0.000000000000000000e+00
0.000000000000000000e+00
0.000000000000000000e+00
0.000000000000000000e+00
0.000000000000000000e+00
0.000000000000000000e+00
0.000000000000000000e+00
0.000000000000000000e+00
2.626443819580322886e-02
2.626443819580322886e-02
2.626443819580322886e-02
2.626443819580322886e-02
2.626443819580322886e-02
2.626443819580322886e-02
2.626443819580322886e-02
2.626443819580322886e-02
2.733113584133319961e-03
2.733113584133319961e-03
2.733113584133319961e-03
2.733113584133319961e-03
2.733113584133319961e-03
2.733113584133319961e-03
2.733113584133319961e-03
2.733113584133319961e-03
3.899726855068603310e-02
3.899726855068603310e-02
3.899726855068603310e-02
3.899726855068603310e-02
3.899726855068603310e-02
3.899726855068603310e-02
3.899726855068603310e-02
3.899726855068603310e-02
3.899726855068603310e-02
3.899726855068603310e-02
3.899726855068603310e-02
2.393440744983452856e-02
2.393440744983452856e-02
2.393440744983452856e-02
2.393440744983452856e-02
2.393440744983452856e-02
2.393440744983452856e-02
2.393440744983452856e-02
2.393440744983452856e-02
2.393440744983452856e-02
2.393440744983452856e-02
2.393440744983452856e-02
1.220899983298815925e-02
1.220899983298815925e-02
1.220899983298815925e-02
1.191427777791051468e-02
1.396744382251068582e-02
1.183213207683624004e-03
1.257284521881175607e-02
1.257284521881175607e-02
1.257284521881175607e-02
1.558755670985230912e-03
1.558755670985230912e-03
0.000000000000000000e+00
0.000000000000000000e+00
0.000000000000000000e+00
0.000000000000000000e+00
3.054821176669928265e-02
3.054821176669928265e-02
3.054821176669928265e-02
3.054821176669928265e-02
3.054821176669928265e-02
3.054821176669928265e-02
3.054821176669928265e-02
3.054821176669928265e-02
3.054821176669928265e-02
3.054821176669928265e-02
3.054821176669928265e-02
3.054821176669928265e-02
3.054821176669928265e-02
3.054821176669928265e-02
3.054821176669928265e-02
1.540749664985572621e-02
1.540749664985572621e-02
1.540749664985572621e-02
1.540749664985572621e-02
1.540749664985572621e-02
1.540749664985572621e-02
2.133959969951069492e-03
3.023737251513208563e-03
1.233417562546696572e-02
1.233417562546696572e-02
1.233417562546696572e-02
1.233417562546696572e-02
1.233417562546696572e-02
1.233417562546696572e-02
1.233417562546696572e-02
0.000000000000000000e+00
0.000000000000000000e+00
0.000000000000000000e+00
0.000000000000000000e+00
0.000000000000000000e+00
2.176836331246987874e-02
1.516508033377120040e-03
1.516508033377120040e-03
1.516508033377120040e-03
1.516508033377120040e-03
1.516508033377120040e-03
1.516508033377120040e-03
1.516508033377120040e-03
1.516508033377120040e-03
1.895070042152309162e-02
1.895070042152309162e-02
1.895070042152309162e-02
4.636396826766904511e-02
1.895070042152309162e-02
1.131924798329883922e-02
1.131924798329883922e-02
1.343226916498279494e-03
0.000000000000000000e+00
0.000000000000000000e+00
0.000000000000000000e+00
0.000000000000000000e+00
8.762565231037746163e-03
1.934727652268670994e-02
1.934727652268670994e-02
0.000000000000000000e+00
0.000000000000000000e+00
4.850985549002723857e-03
1.444609899429197047e-03
1.444609899429197047e-03
1.444609899429197047e-03
2.337391904581998664e-02
1.107289896470928063e-02
1.107289896470928063e-02
1.107289896470928063e-02
1.107289896470928063e-02
1.107289896470928063e-02
1.107289896470928063e-02
9.434012824390027030e-03
4.542633262920469164e-03
4.542633262920469164e-03
4.542633262920469164e-03
4.542633262920469164e-03
4.542633262920469164e-03
4.542633262920469164e-03
4.542633262920469164e-03
4.542633262920469164e-03
4.542633262920469164e-03
4.542633262920469164e-03
3.425866821822318598e-03
6.539775069103044743e-03
6.539775069103044743e-03
6.539775069103044743e-03
6.539775069103044743e-03
6.539775069103044743e-03
6.539775069103044743e-03
6.539775069103044743e-03
6.539775069103044743e-03
7.797125322312033202e-03
7.797125322312033202e-03
7.797125322312033202e-03
1.116193516706912958e-04
7.797125322312033202e-03
7.797125322312033202e-03
7.797125322312033202e-03
1.955196675293694852e-03
2.471345954114919849e-02
2.471345954114919849e-02
2.471345954114919849e-02
2.471345954114919849e-02
2.471345954114919849e-02
2.573280514658085518e-03
3.494435851298716145e-02
3.494435851298716145e-02
3.494435851298716145e-02
1.995344627488672418e-02
7.452470070566073919e-03
7.452470070566073919e-03
7.452470070566073919e-03
7.452470070566073919e-03
7.452470070566073919e-03
7.452470070566073919e-03
7.452470070566073919e-03
7.452470070566073919e-03
7.452470070566073919e-03
7.452470070566073919e-03
7.452470070566073919e-03
7.452470070566073919e-03
1.667092018509492776e-02
1.667092018509492776e-02
1.667092018509492776e-02
1.667092018509492776e-02
1.667092018509492776e-02
0.000000000000000000e+00
0.000000000000000000e+00
0.000000000000000000e+00
0.000000000000000000e+00
0.000000000000000000e+00
0.000000000000000000e+00
4.359467560269580239e-02
4.359467560269580239e-02
4.359467560269580239e-02
4.359467560269580239e-02
1.183708388650056044e-02
2.573280514658085518e-03
6.652711559406313327e-03
0.000000000000000000e+00
0.000000000000000000e+00
0.000000000000000000e+00
0.000000000000000000e+00
0.000000000000000000e+00
0.000000000000000000e+00
0.000000000000000000e+00
1.818929206659752407e-03
9.421275493727615871e-03
9.421275493727615871e-03
9.421275493727615871e-03
9.421275493727615871e-03
1.045750322873431441e-02
0.000000000000000000e+00
0.000000000000000000e+00
0.000000000000000000e+00
0.000000000000000000e+00
1.955196675293694852e-03
1.955196675293694852e-03
1.955196675293694852e-03
1.955196675293694852e-03
1.955196675293694852e-03
1.955196675293694852e-03
1.183708388650056044e-02
2.054696231517292703e-03
1.120889447861251123e-02
1.120889447861251123e-02
1.120889447861251123e-02
1.120889447861251123e-02
1.120889447861251123e-02
1.120889447861251123e-02
1.120889447861251123e-02
1.120889447861251123e-02
8.827196508499119592e-04
8.827196508499119592e-04
4.732238778804245642e-03
3.425866821822318598e-03
6.524824453281421327e-03
6.524824453281421327e-03
6.524824453281421327e-03
6.524824453281421327e-03
6.524824453281421327e-03
6.524824453281421327e-03
6.524824453281421327e-03
6.524824453281421327e-03
6.524824453281421327e-03
6.524824453281421327e-03
6.524824453281421327e-03
6.524824453281421327e-03
1.593807418758048022e-04
1.593807418758048022e-04
1.418343173913118142e-03
1.593807418758048022e-04
6.616389102732689841e-03
2.690144664728319045e-03
2.690144664728319045e-03
2.690144664728319045e-03
2.690144664728319045e-03
1.363040318060275251e-02
1.401199226948213715e-02
1.401199226948213715e-02
1.401199226948213715e-02
7.716540058294392782e-03
3.147942105199113671e-03
2.609019623480518871e-02
2.609019623480518871e-02
2.609019623480518871e-02
2.609019623480518871e-02
3.170629430643680247e-02
3.170629430643680247e-02
3.170629430643680247e-02
3.170629430643680247e-02
3.170629430643680247e-02
3.170629430643680247e-02
3.170629430643680247e-02
3.170629430643680247e-02
3.170629430643680247e-02
3.379937129591185918e-02
3.379937129591185918e-02
0.000000000000000000e+00
4.424098169619386685e-03
4.424098169619386685e-03
4.424098169619386685e-03
4.424098169619386685e-03
4.424098169619386685e-03
4.424098169619386685e-03
4.424098169619386685e-03
4.424098169619386685e-03
4.424098169619386685e-03
4.424098169619386685e-03
4.424098169619386685e-03
1.810227195949587822e-02
2.131369340241136279e-02
2.131369340241136279e-02
2.131369340241136279e-02
2.131369340241136279e-02
2.131369340241136279e-02
2.131369340241136279e-02
2.131369340241136279e-02
2.131369340241136279e-02
2.131369340241136279e-02
2.131369340241136279e-02
2.131369340241136279e-02
2.131369340241136279e-02
0.000000000000000000e+00
0.000000000000000000e+00
4.064530440492287837e-03
4.064530440492287837e-03
4.435877956854799783e-03
4.435877956854799783e-03
4.435877956854799783e-03
4.435877956854799783e-03
4.435877956854799783e-03
4.435877956854799783e-03
4.435877956854799783e-03
4.435877956854799783e-03
4.435877956854799783e-03
4.435877956854799783e-03
4.435877956854799783e-03
0.000000000000000000e+00
0.000000000000000000e+00
5.127422160017063371e-03
1.116642299122151336e-02
1.116642299122151336e-02
1.116642299122151336e-02
1.116642299122151336e-02
2.911230410591287079e-02
2.911230410591287079e-02
4.732238778804245642e-03
4.732238778804245642e-03
4.636396826766904511e-02
5.159221918100849458e-02
5.159221918100849458e-02
5.159221918100849458e-02
5.159221918100849458e-02
1.183213207683624004e-03
1.183213207683624004e-03
1.841734093759064828e-02
1.841734093759064828e-02
1.841734093759064828e-02
1.841734093759064828e-02
1.841734093759064828e-02
1.841734093759064828e-02
1.841734093759064828e-02
1.841734093759064828e-02
1.700287926420558995e-02
5.945240889003235683e-03
5.945240889003235683e-03
5.945240889003235683e-03
5.945240889003235683e-03
0.000000000000000000e+00
5.945240889003235683e-03
5.945240889003235683e-03
5.945240889003235683e-03
5.945240889003235683e-03
5.945240889003235683e-03
8.349711618971978819e-03
1.594327316491105442e-02
1.594327316491105442e-02
1.594327316491105442e-02
1.594327316491105442e-02
0.000000000000000000e+00
0.000000000000000000e+00
0.000000000000000000e+00
0.000000000000000000e+00
3.850443241542601119e-02
0.000000000000000000e+00
0.000000000000000000e+00
0.000000000000000000e+00
1.305290697532489634e-03
9.898096596369941602e-03
9.898096596369941602e-03
1.343226916498279494e-03
1.343226916498279494e-03
1.343226916498279494e-03
1.343226916498279494e-03
1.343226916498279494e-03
1.343226916498279494e-03
1.810227195949587822e-02
1.810227195949587822e-02
1.810227195949587822e-02
1.810227195949587822e-02
1.810227195949587822e-02
1.810227195949587822e-02
1.810227195949587822e-02
1.810227195949587822e-02
1.810227195949587822e-02
1.810227195949587822e-02
1.810227195949587822e-02
1.810227195949587822e-02
1.183708388650056044e-02
2.568426076178555867e-02
1.398825539641976312e-02
1.398825539641976312e-02
1.398825539641976312e-02
1.398825539641976312e-02
1.398825539641976312e-02
1.398825539641976312e-02
1.398825539641976312e-02
1.398825539641976312e-02
8.762565231037746163e-03
8.762565231037746163e-03
8.762565231037746163e-03
8.762565231037746163e-03
8.762565231037746163e-03
8.762565231037746163e-03
8.762565231037746163e-03
8.762565231037746163e-03
8.762565231037746163e-03
8.762565231037746163e-03
0.000000000000000000e+00
0.000000000000000000e+00
0.000000000000000000e+00
1.954077874329042570e-03
1.954077874329042570e-03
1.954077874329042570e-03
1.954077874329042570e-03
1.954077874329042570e-03
1.954077874329042570e-03
1.954077874329042570e-03
1.954077874329042570e-03
1.954077874329042570e-03
1.954077874329042570e-03
1.954077874329042570e-03
1.954077874329042570e-03
1.954077874329042570e-03
3.276543996623735439e-02
2.964321629534459948e-03
2.964321629534459948e-03
2.964321629534459948e-03
2.964321629534459948e-03
2.964321629534459948e-03
2.964321629534459948e-03
2.964321629534459948e-03
2.964321629534459948e-03
3.272717171279553722e-02
3.272717171279553722e-02
3.272717171279553722e-02
3.272717171279553722e-02
3.815628778156451850e-02
0.000000000000000000e+00
0.000000000000000000e+00
0.000000000000000000e+00
0.000000000000000000e+00
0.000000000000000000e+00
0.000000000000000000e+00
3.815628778156451850e-02
2.574390523472316547e-02
2.574390523472316547e-02
2.574390523472316547e-02
2.574390523472316547e-02
6.616389102732689841e-03
6.616389102732689841e-03
6.616389102732689841e-03
4.218760609661431800e-03
4.218760609661431800e-03
4.218760609661431800e-03
4.218760609661431800e-03
4.218760609661431800e-03
4.218760609661431800e-03
4.218760609661431800e-03
4.218760609661431800e-03
4.218760609661431800e-03
4.218760609661431800e-03
4.218760609661431800e-03
4.218760609661431800e-03
4.218760609661431800e-03
1.857919663991133147e-02
6.361627501749580809e-04
0.000000000000000000e+00
0.000000000000000000e+00
0.000000000000000000e+00
0.000000000000000000e+00
1.324565219973096973e-02
1.121555623443988049e-02
5.337337706356808271e-03
5.337337706356808271e-03
3.276543996623735439e-02
3.276543996623735439e-02
3.276543996623735439e-02
3.276543996623735439e-02
4.077637323628189453e-02
2.626629178641088844e-02
2.626629178641088844e-02
7.595972528825122895e-03
2.626629178641088844e-02
3.236785280087784507e-04
3.236785280087784507e-04
3.236785280087784507e-04
3.236785280087784507e-04
3.236785280087784507e-04
3.236785280087784507e-04
3.236785280087784507e-04
3.236785280087784507e-04
3.236785280087784507e-04
3.236785280087784507e-04
3.236785280087784507e-04
0.000000000000000000e+00
1.578777651444357444e-02
1.578777651444357444e-02
1.578777651444357444e-02
1.578777651444357444e-02
1.578777651444357444e-02
1.578777651444357444e-02
9.400060283277203790e-03
1.337299309834944806e-02
1.337299309834944806e-02
1.337299309834944806e-02
1.337299309834944806e-02
1.337299309834944806e-02
1.337299309834944806e-02
1.337299309834944806e-02
1.337299309834944806e-02
8.803572520724370484e-04
8.803572520724370484e-04
8.803572520724370484e-04
8.803572520724370484e-04
8.803572520724370484e-04
8.803572520724370484e-04
8.803572520724370484e-04
8.803572520724370484e-04
8.803572520724370484e-04
8.803572520724370484e-04
8.803572520724370484e-04
7.595972528825122895e-03
7.595972528825122895e-03
7.595972528825122895e-03
7.595972528825122895e-03
7.595972528825122895e-03
4.077637323628189453e-02
4.077637323628189453e-02
1.418343173913118142e-03
1.418343173913118142e-03
1.418343173913118142e-03
3.850443241542601119e-02
3.850443241542601119e-02
3.850443241542601119e-02
3.850443241542601119e-02
3.850443241542601119e-02
3.850443241542601119e-02
1.305290697532489634e-03
1.305290697532489634e-03
1.305290697532489634e-03
1.305290697532489634e-03
1.305290697532489634e-03
1.305290697532489634e-03
1.305290697532489634e-03
1.305290697532489634e-03
1.305290697532489634e-03
1.305290697532489634e-03
8.478806244438320469e-03
8.478806244438320469e-03
8.478806244438320469e-03
8.478806244438320469e-03
1.121555623443988049e-02
1.121555623443988049e-02
1.043516878516056838e-02
1.121555623443988049e-02
1.043516878516056838e-02
1.043516878516056838e-02
1.043516878516056838e-02
1.043516878516056838e-02
1.043516878516056838e-02
1.097742600923413275e-02
1.097742600923413275e-02
1.097742600923413275e-02
1.097742600923413275e-02
1.097742600923413275e-02
1.363040318060275251e-02
1.363040318060275251e-02
1.363040318060275251e-02
7.716540058294392782e-03
7.716540058294392782e-03
7.716540058294392782e-03
7.716540058294392782e-03
1.373899111128760856e-04
1.373899111128760856e-04
4.197464599133152521e-03
8.349711618971978819e-03
8.349711618971978819e-03
8.349711618971978819e-03
3.590876681002404952e-02
3.590876681002404952e-02
3.590876681002404952e-02
5.127422160017063371e-03
3.590876681002404952e-02
1.970372591665170425e-02
1.970372591665170425e-02
6.879222894393610330e-03
7.299158537895059258e-04
7.299158537895059258e-04
7.299158537895059258e-04
7.299158537895059258e-04
7.299158537895059258e-04
7.299158537895059258e-04
7.299158537895059258e-04
7.299158537895059258e-04
7.299158537895059258e-04
7.299158537895059258e-04
8.691520023684295299e-03
2.235240461726336128e-02
1.368422113550750441e-02
1.368422113550750441e-02
1.368422113550750441e-02
1.368422113550750441e-02
1.368422113550750441e-02
1.368422113550750441e-02
3.226056854814340208e-02
1.590567067950874117e-02
1.590567067950874117e-02
1.590567067950874117e-02
1.590567067950874117e-02
1.590567067950874117e-02
1.590567067950874117e-02
2.302115645290662028e-03
2.302115645290662028e-03
6.703679516699770358e-02
6.836013195039217227e-02
6.836013195039217227e-02
2.133959969951069492e-03
2.133959969951069492e-03
2.568426076178555867e-02
1.700287926420558995e-02
0.000000000000000000e+00
0.000000000000000000e+00
2.849858177025503883e-02
2.849858177025503883e-02
2.849858177025503883e-02
2.849858177025503883e-02
2.849858177025503883e-02
2.849858177025503883e-02
2.849858177025503883e-02
2.849858177025503883e-02
2.849858177025503883e-02
2.849858177025503883e-02
2.849858177025503883e-02
7.898356458348203615e-03
2.227769984480140048e-02
2.227769984480140048e-02
1.449672679262281952e-02
3.813595919212674212e-02
3.716396866041250108e-02
5.227150603613692735e-03
0.000000000000000000e+00
0.000000000000000000e+00
2.568426076178555867e-02
3.813595919212674212e-02
3.813595919212674212e-02
3.813595919212674212e-02
3.813595919212674212e-02
3.813595919212674212e-02
5.227150603613692735e-03
9.370015245579560795e-03
9.370015245579560795e-03
4.850985549002723857e-03
7.285209901440446549e-03
7.285209901440446549e-03
3.226056854814340208e-02
3.226056854814340208e-02
3.226056854814340208e-02
3.226056854814340208e-02
4.850985549002723857e-03
0.000000000000000000e+00
0.000000000000000000e+00
0.000000000000000000e+00
0.000000000000000000e+00
0.000000000000000000e+00
0.000000000000000000e+00
5.410303295211870561e-03
2.337391904581998664e-02
2.337391904581998664e-02
2.337391904581998664e-02
2.337391904581998664e-02
1.431889027041917568e-02
1.431889027041917568e-02
1.431889027041917568e-02
1.995344627488672418e-02
1.995344627488672418e-02
8.691520023684295299e-03
8.691520023684295299e-03
0.000000000000000000e+00
0.000000000000000000e+00
0.000000000000000000e+00
0.000000000000000000e+00
0.000000000000000000e+00
0.000000000000000000e+00
0.000000000000000000e+00
0.000000000000000000e+00
9.976964559162491974e-03
1.170919458601391190e-02
1.170919458601391190e-02
1.170919458601391190e-02
1.170919458601391190e-02
1.170919458601391190e-02
1.170919458601391190e-02
1.170919458601391190e-02
1.170919458601391190e-02
0.000000000000000000e+00
0.000000000000000000e+00
0.000000000000000000e+00
0.000000000000000000e+00
0.000000000000000000e+00
1.999495055455880257e-02
0.000000000000000000e+00
0.000000000000000000e+00
9.400060283277203790e-03
9.400060283277203790e-03
9.400060283277203790e-03
9.400060283277203790e-03
8.118844357403138395e-03
1.087287004320450180e-03
1.267178438642966882e-03
1.087287004320450180e-03
1.087287004320450180e-03
1.087287004320450180e-03
1.087287004320450180e-03
1.087287004320450180e-03
1.995474537388245567e-03
1.995474537388245567e-03
1.543017710536725116e-02
1.543017710536725116e-02
1.818929206659752407e-03
1.818929206659752407e-03
1.818929206659752407e-03
1.818929206659752407e-03
1.818929206659752407e-03
3.833305132460156084e-02
2.285386428654737068e-02
2.285386428654737068e-02
2.285386428654737068e-02
2.285386428654737068e-02
2.285386428654737068e-02
2.285386428654737068e-02
0.000000000000000000e+00
0.000000000000000000e+00
0.000000000000000000e+00
6.703679516699770358e-02
3.833305132460156084e-02
4.559453820033076282e-02
4.559453820033076282e-02
9.434012824390027030e-03
9.434012824390027030e-03
3.833305132460156084e-02
1.048353071461966338e-02
1.006995848850447337e-02
1.006995848850447337e-02
2.011600092368242415e-02
4.197464599133152521e-03
4.197464599133152521e-03
1.048353071461966338e-02
1.048353071461966338e-02
1.048353071461966338e-02
1.048353071461966338e-02
1.048353071461966338e-02
1.048353071461966338e-02
1.048353071461966338e-02
1.048353071461966338e-02
1.048353071461966338e-02
1.048353071461966338e-02
0.000000000000000000e+00
0.000000000000000000e+00
2.115804459427775286e-02
1.389389517190942579e-02
0.000000000000000000e+00
0.000000000000000000e+00
0.000000000000000000e+00
0.000000000000000000e+00
0.000000000000000000e+00
0.000000000000000000e+00
8.118844357403138395e-03
8.118844357403138395e-03
1.493439966839141785e-02
1.493439966839141785e-02
1.493439966839141785e-02
1.493439966839141785e-02
1.493439966839141785e-02
1.287678916591743911e-02
1.999495055455880257e-02
2.554220617461450127e-02
1.287678916591743911e-02
1.287678916591743911e-02
1.287678916591743911e-02
1.287678916591743911e-02
1.287678916591743911e-02
1.287678916591743911e-02
0.000000000000000000e+00
0.000000000000000000e+00
1.987062857093986959e-02
1.987062857093986959e-02
1.261380498199510432e-02
1.261380498199510432e-02
1.261380498199510432e-02
0.000000000000000000e+00
0.000000000000000000e+00
0.000000000000000000e+00
1.617762974179208155e-02
7.844891355203679074e-04
3.351215809256834124e-03
0.000000000000000000e+00
0.000000000000000000e+00
6.879222894393610330e-03
3.420291574293367418e-03
3.420291574293367418e-03
3.420291574293367418e-03
3.420291574293367418e-03
3.420291574293367418e-03
3.420291574293367418e-03
0.000000000000000000e+00
7.844891355203679074e-04
7.844891355203679074e-04
7.844891355203679074e-04
7.844891355203679074e-04
7.390929549792712300e-03
7.390929549792712300e-03
7.390929549792712300e-03
7.390929549792712300e-03
6.879222894393610330e-03
0.000000000000000000e+00
4.477332765839311772e-03
7.898356458348203615e-03
7.898356458348203615e-03
7.898356458348203615e-03
1.247625714587084593e-02
2.194704551163080899e-02
2.194704551163080899e-02
8.070382032521129095e-03
8.070382032521129095e-03
0.000000000000000000e+00
0.000000000000000000e+00
