7.930542735630785947e-03
8.971076535436488253e-03
7.930542735630785947e-03
8.583317963978747550e-03
7.930542735630785947e-03
7.930542735630785947e-03
7.930542735630785947e-03
7.930542735630785947e-03
7.930542735630785947e-03
8.971076535436488253e-03
2.649798086763770211e-02
1.381493467477873209e-02
1.381493467477873209e-02
1.381493467477873209e-02
1.381493467477873209e-02
1.381493467477873209e-02
1.381493467477873209e-02
1.086571244814230931e-02
4.706410387442842846e-03
1.086571244814230931e-02
1.086571244814230931e-02
1.086571244814230931e-02
1.086571244814230931e-02
1.086571244814230931e-02
1.086571244814230931e-02
1.086571244814230931e-02
1.086571244814230931e-02
1.086571244814230931e-02
1.086571244814230931e-02
1.086571244814230931e-02
4.706410387442842846e-03
1.876424516457902286e-02
3.425224448853927701e-03
3.425224448853927701e-03
3.425224448853927701e-03
3.425224448853927701e-03
5.924344633648293001e-02
1.417534583405887644e-02
1.417534583405887644e-02
1.417534583405887644e-02
1.417534583405887644e-02
0.000000000000000000e+00
2.884221227499967830e-02
2.884221227499967830e-02
2.884221227499967830e-02
2.884221227499967830e-02
2.884221227499967830e-02
2.884221227499967830e-02
2.884221227499967830e-02
2.884221227499967830e-02
2.884221227499967830e-02
2.884221227499967830e-02
4.614429881374924186e-03
1.536566258479397408e-02
1.536566258479397408e-02
2.057552836500976378e-03
1.072589188524019840e-03
1.072589188524019840e-03
4.614429881374924186e-03
1.072589188524019840e-03
8.439113338135397976e-03
8.439113338135397976e-03
8.439113338135397976e-03
8.439113338135397976e-03
8.439113338135397976e-03
8.439113338135397976e-03
8.439113338135397976e-03
8.439113338135397976e-03
8.439113338135397976e-03
8.439113338135397976e-03
8.439113338135397976e-03
8.439113338135397976e-03
8.439113338135397976e-03
8.439113338135397976e-03
8.439113338135397976e-03
1.817690639261200503e-02
2.649798086763770211e-02
1.876424516457902286e-02
1.876424516457902286e-02
1.876424516457902286e-02
1.876424516457902286e-02
1.876424516457902286e-02
1.876424516457902286e-02
3.024362089378094826e-03
3.024362089378094826e-03
3.024362089378094826e-03
3.024362089378094826e-03
3.024362089378094826e-03
3.024362089378094826e-03
3.024362089378094826e-03
7.979637060866554346e-03
3.024362089378094826e-03
7.979637060866554346e-03
7.979637060866554346e-03
7.979637060866554346e-03
7.979637060866554346e-03
6.492283482121090181e-03
9.169094667948251426e-03
6.867483863142277885e-03
9.169094667948251426e-03
9.169094667948251426e-03
9.169094667948251426e-03
6.492283482121090181e-03
6.492283482121090181e-03
6.492283482121090181e-03
6.492283482121090181e-03
6.492283482121090181e-03
6.492283482121090181e-03
9.851209135909930539e-03
1.118721129463738813e-02
1.118721129463738813e-02
1.118721129463738813e-02
1.118721129463738813e-02
5.541948755448221874e-03
5.541948755448221874e-03
5.541948755448221874e-03
5.541948755448221874e-03
5.541948755448221874e-03
5.541948755448221874e-03
5.541948755448221874e-03
5.541948755448221874e-03
5.541948755448221874e-03
5.541948755448221874e-03
5.541948755448221874e-03
5.541948755448221874e-03
5.541948755448221874e-03
2.157727292238096131e-02
1.345348192610973295e-03
2.157727292238096131e-02
1.345348192610973295e-03
1.345348192610973295e-03
1.345348192610973295e-03
2.492049851036652695e-03
1.345348192610973295e-03
1.345348192610973295e-03
1.345348192610973295e-03
2.492049851036652695e-03
5.924344633648293001e-02
4.507660716317461215e-03
4.507660716317461215e-03
4.507660716317461215e-03
4.507660716317461215e-03
4.507660716317461215e-03
4.507660716317461215e-03
8.583317963978747550e-03
1.134907794809994486e-02
4.952877571403296701e-03
4.952877571403296701e-03
4.952877571403296701e-03
4.952877571403296701e-03
9.214396257332686108e-04
2.772387318135127472e-03
2.772387318135127472e-03
1.136270431272438323e-03
9.214396257332686108e-04
1.651495740659116940e-03
9.214396257332686108e-04
9.214396257332686108e-04
1.134907794809994486e-02
1.752071878453900777e-02
1.752071878453900777e-02
2.510747436776542257e-03
6.259252786447980395e-03
6.259252786447980395e-03
1.101755745136034914e-02
6.259252786447980395e-03
1.136270431272438323e-03
1.136270431272438323e-03
4.614429881374924186e-03
1.817690639261200503e-02
1.817690639261200503e-02
2.057552836500976378e-03
2.057552836500976378e-03
0.000000000000000000e+00
0.000000000000000000e+00
9.851209135909930539e-03
9.851209135909930539e-03
9.851209135909930539e-03
9.851209135909930539e-03
9.851209135909930539e-03
9.851209135909930539e-03
9.851209135909930539e-03
9.851209135909930539e-03
1.101755745136034914e-02
1.101755745136034914e-02
1.101755745136034914e-02
1.101755745136034914e-02
1.101755745136034914e-02
1.101755745136034914e-02
1.101755745136034914e-02
1.101755745136034914e-02
1.101755745136034914e-02
1.101755745136034914e-02
1.101755745136034914e-02
2.510747436776542257e-03
2.510747436776542257e-03
1.134907794809994486e-02
1.134907794809994486e-02
1.134907794809994486e-02
