5.433151794101952897e-02
0.000000000000000000e+00
5.433151794101952897e-02
5.433151794101952897e-02
5.433151794101952897e-02
5.433151794101952897e-02
5.433151794101952897e-02
5.433151794101952897e-02
5.433151794101952897e-02
0.000000000000000000e+00
1.492562832469289218e-02
1.492562832469289218e-02
1.492562832469289218e-02
1.492562832469289218e-02
1.492562832469289218e-02
1.492562832469289218e-02
1.492562832469289218e-02
1.492562832469289218e-02
1.492562832469289218e-02
1.492562832469289218e-02
1.492562832469289218e-02
1.492562832469289218e-02
1.492562832469289218e-02
1.492562832469289218e-02
1.492562832469289218e-02
1.492562832469289218e-02
1.492562832469289218e-02
1.492562832469289218e-02
1.492562832469289218e-02
3.455929819169462763e-02
2.746236466732629791e-02
2.914466175654031876e-02
2.746236466732629791e-02
2.120411347154611131e-02
3.455929819169462763e-02
3.455929819169462763e-02
3.455929819169462763e-02
5.340349415688055252e-04
1.214685904641192929e-02
1.214685904641192929e-02
1.214685904641192929e-02
1.214685904641192929e-02
1.214685904641192929e-02
1.214685904641192929e-02
1.214685904641192929e-02
1.214685904641192929e-02
1.214685904641192929e-02
1.214685904641192929e-02
1.214685904641192929e-02
1.214685904641192929e-02
4.536242156475356335e-03
4.536242156475356335e-03
4.536242156475356335e-03
4.536242156475356335e-03
4.536242156475356335e-03
4.536242156475356335e-03
4.536242156475356335e-03
4.536242156475356335e-03
4.536242156475356335e-03
4.536242156475356335e-03
4.536242156475356335e-03
4.536242156475356335e-03
4.536242156475356335e-03
4.536242156475356335e-03
4.536242156475356335e-03
4.536242156475356335e-03
4.536242156475356335e-03
4.536242156475356335e-03
4.536242156475356335e-03
4.536242156475356335e-03
4.536242156475356335e-03
4.536242156475356335e-03
4.536242156475356335e-03
4.536242156475356335e-03
4.536242156475356335e-03
4.536242156475356335e-03
4.536242156475356335e-03
4.536242156475356335e-03
4.536242156475356335e-03
2.063345858051919297e-03
2.868939599793937211e-03
2.868939599793937211e-03
2.063345858051919297e-03
5.159109917125624840e-03
5.159109917125624840e-03
5.159109917125624840e-03
5.159109917125624840e-03
5.159109917125624840e-03
5.159109917125624840e-03
1.196402417070919350e-02
1.196402417070919350e-02
1.196402417070919350e-02
0.000000000000000000e+00
1.196402417070919350e-02
1.196402417070919350e-02
1.196402417070919350e-02
1.196402417070919350e-02
1.196402417070919350e-02
8.059045613342145226e-03
4.342939282525526065e-03
4.342939282525526065e-03
4.342939282525526065e-03
4.342939282525526065e-03
4.342939282525526065e-03
4.342939282525526065e-03
4.342939282525526065e-03
4.342939282525526065e-03
0.000000000000000000e+00
9.873619811259960397e-03
9.873619811259960397e-03
9.873619811259960397e-03
9.873619811259960397e-03
9.873619811259960397e-03
9.873619811259960397e-03
9.873619811259960397e-03
9.873619811259960397e-03
9.873619811259960397e-03
9.873619811259960397e-03
9.873619811259960397e-03
9.873619811259960397e-03
9.873619811259960397e-03
9.873619811259960397e-03
9.873619811259960397e-03
9.873619811259960397e-03
9.873619811259960397e-03
9.873619811259960397e-03
9.873619811259960397e-03
1.031645457067614964e-02
1.261453953861940355e-02
1.261453953861940355e-02
1.261453953861940355e-02
1.261453953861940355e-02
1.261453953861940355e-02
1.261453953861940355e-02
2.016712287366679429e-02
1.002081592540012001e-02
1.002081592540012001e-02
2.016712287366679429e-02
1.002081592540012001e-02
1.002081592540012001e-02
1.002081592540012001e-02
1.031645457067614964e-02
1.566460632474931877e-02
1.566460632474931877e-02
1.566460632474931877e-02
1.566460632474931877e-02
2.016712287366679429e-02
2.016712287366679429e-02
2.016712287366679429e-02
2.016712287366679429e-02
2.016712287366679429e-02
2.016712287366679429e-02
2.016712287366679429e-02
2.016712287366679429e-02
2.016712287366679429e-02
2.137429495046950026e-02
1.236268528612401510e-02
1.236268528612401510e-02
1.236268528612401510e-02
1.236268528612401510e-02
1.236268528612401510e-02
1.236268528612401510e-02
1.236268528612401510e-02
1.236268528612401510e-02
2.065501513921646354e-02
3.735416804451861979e-03
3.735416804451861979e-03
3.735416804451861979e-03
3.735416804451861979e-03
3.735416804451861979e-03
3.735416804451861979e-03
0.000000000000000000e+00
0.000000000000000000e+00
0.000000000000000000e+00
0.000000000000000000e+00
0.000000000000000000e+00
0.000000000000000000e+00
0.000000000000000000e+00
0.000000000000000000e+00
0.000000000000000000e+00
0.000000000000000000e+00
0.000000000000000000e+00
0.000000000000000000e+00
0.000000000000000000e+00
2.120411347154611131e-02
6.981678530023055669e-03
6.981678530023055669e-03
6.981678530023055669e-03
6.981678530023055669e-03
1.417092133741863725e-03
1.417092133741863725e-03
1.417092133741863725e-03
1.417092133741863725e-03
1.417092133741863725e-03
1.417092133741863725e-03
1.417092133741863725e-03
1.417092133741863725e-03
1.417092133741863725e-03
1.417092133741863725e-03
1.417092133741863725e-03
1.417092133741863725e-03
1.417092133741863725e-03
1.417092133741863725e-03
1.417092133741863725e-03
1.417092133741863725e-03
1.417092133741863725e-03
1.417092133741863725e-03
1.417092133741863725e-03
1.417092133741863725e-03
1.417092133741863725e-03
1.417092133741863725e-03
1.417092133741863725e-03
1.417092133741863725e-03
1.417092133741863725e-03
1.417092133741863725e-03
1.417092133741863725e-03
1.417092133741863725e-03
1.417092133741863725e-03
1.417092133741863725e-03
1.417092133741863725e-03
1.417092133741863725e-03
1.417092133741863725e-03
7.024929076750514000e-03
5.865820196191737224e-03
5.865820196191737224e-03
5.865820196191737224e-03
5.865820196191737224e-03
1.221739871924433334e-02
0.000000000000000000e+00
0.000000000000000000e+00
0.000000000000000000e+00
0.000000000000000000e+00
5.883026234301184758e-03
7.706630236113251251e-03
7.706630236113251251e-03
7.706630236113251251e-03
7.706630236113251251e-03
7.706630236113251251e-03
7.706630236113251251e-03
7.706630236113251251e-03
7.706630236113251251e-03
7.706630236113251251e-03
7.706630236113251251e-03
7.706630236113251251e-03
7.706630236113251251e-03
4.447309011299879766e-02
6.976187146846070906e-03
6.976187146846070906e-03
6.976187146846070906e-03
6.976187146846070906e-03
6.976187146846070906e-03
6.976187146846070906e-03
1.221739871924433334e-02
1.221739871924433334e-02
1.221739871924433334e-02
1.221739871924433334e-02
1.221739871924433334e-02
1.221739871924433334e-02
1.398626799090922808e-02
1.398626799090922808e-02
1.398626799090922808e-02
1.398626799090922808e-02
1.398626799090922808e-02
1.398626799090922808e-02
1.398626799090922808e-02
1.398626799090922808e-02
1.398626799090922808e-02
1.398626799090922808e-02
1.398626799090922808e-02
1.527038885279230485e-02
1.708445516171554993e-03
1.708445516171554993e-03
1.708445516171554993e-03
1.708445516171554993e-03
1.119282244076970877e-02
1.785107043538821867e-02
1.785107043538821867e-02
1.527038885279230485e-02
1.527038885279230485e-02
1.950671038723982009e-02
1.527038885279230485e-02
1.527038885279230485e-02
1.527038885279230485e-02
1.527038885279230485e-02
1.527038885279230485e-02
1.527038885279230485e-02
1.527038885279230485e-02
1.119282244076970877e-02
1.119282244076970877e-02
1.119282244076970877e-02
1.119282244076970877e-02
1.119282244076970877e-02
1.119282244076970877e-02
1.119282244076970877e-02
1.119282244076970877e-02
1.119282244076970877e-02
1.119282244076970877e-02
1.119282244076970877e-02
1.119282244076970877e-02
1.631440703671228204e-02
1.631440703671228204e-02
1.631440703671228204e-02
1.631440703671228204e-02
1.631440703671228204e-02
1.631440703671228204e-02
1.631440703671228204e-02
1.631440703671228204e-02
1.631440703671228204e-02
1.631440703671228204e-02
1.631440703671228204e-02
1.631440703671228204e-02
1.631440703671228204e-02
1.631440703671228204e-02
1.631440703671228204e-02
0.000000000000000000e+00
5.470441926797377057e-03
5.470441926797377057e-03
5.470441926797377057e-03
5.470441926797377057e-03
5.470441926797377057e-03
5.470441926797377057e-03
5.470441926797377057e-03
5.470441926797377057e-03
5.470441926797377057e-03
5.470441926797377057e-03
1.852893702135195719e-02
1.852893702135195719e-02
1.852893702135195719e-02
1.852893702135195719e-02
1.852893702135195719e-02
1.852893702135195719e-02
1.852893702135195719e-02
1.852893702135195719e-02
1.852893702135195719e-02
1.852893702135195719e-02
1.852893702135195719e-02
1.852893702135195719e-02
1.852893702135195719e-02
1.897351025898759772e-02
0.000000000000000000e+00
0.000000000000000000e+00
0.000000000000000000e+00
0.000000000000000000e+00
0.000000000000000000e+00
0.000000000000000000e+00
0.000000000000000000e+00
2.533169522814516118e-03
2.533169522814516118e-03
2.533169522814516118e-03
2.533169522814516118e-03
2.533169522814516118e-03
2.533169522814516118e-03
2.533169522814516118e-03
2.533169522814516118e-03
2.065501513921646354e-02
2.065501513921646354e-02
2.065501513921646354e-02
2.065501513921646354e-02
2.065501513921646354e-02
2.065501513921646354e-02
1.697938797364746243e-03
1.697938797364746243e-03
1.697938797364746243e-03
1.697938797364746243e-03
1.697938797364746243e-03
1.697938797364746243e-03
1.697938797364746243e-03
1.697938797364746243e-03
1.697938797364746243e-03
1.697938797364746243e-03
1.697938797364746243e-03
1.697938797364746243e-03
1.697938797364746243e-03
1.697938797364746243e-03
1.697938797364746243e-03
1.697938797364746243e-03
1.697938797364746243e-03
1.697938797364746243e-03
1.697938797364746243e-03
1.697938797364746243e-03
1.697938797364746243e-03
6.273946513898735929e-03
6.273946513898735929e-03
6.273946513898735929e-03
6.273946513898735929e-03
6.273946513898735929e-03
6.273946513898735929e-03
6.273946513898735929e-03
6.273946513898735929e-03
6.273946513898735929e-03
6.273946513898735929e-03
6.273946513898735929e-03
6.273946513898735929e-03
6.273946513898735929e-03
4.803459211458993051e-03
4.803459211458993051e-03
4.803459211458993051e-03
4.803459211458993051e-03
4.803459211458993051e-03
4.803459211458993051e-03
4.803459211458993051e-03
4.803459211458993051e-03
4.803459211458993051e-03
4.803459211458993051e-03
4.803459211458993051e-03
5.357365776356371768e-03
5.357365776356371768e-03
5.357365776356371768e-03
5.357365776356371768e-03
5.357365776356371768e-03
5.357365776356371768e-03
5.357365776356371768e-03
5.357365776356371768e-03
5.357365776356371768e-03
5.357365776356371768e-03
5.357365776356371768e-03
5.357365776356371768e-03
5.357365776356371768e-03
3.706163015409116423e-03
1.897351025898759772e-02
1.897351025898759772e-02
1.897351025898759772e-02
1.897351025898759772e-02
1.897351025898759772e-02
2.594345308612238526e-02
2.594345308612238526e-02
2.594345308612238526e-02
2.594345308612238526e-02
2.594345308612238526e-02
2.594345308612238526e-02
2.594345308612238526e-02
2.594345308612238526e-02
2.594345308612238526e-02
2.594345308612238526e-02
2.594345308612238526e-02
2.594345308612238526e-02
2.594345308612238526e-02
4.447309011299879766e-02
8.811123989585745511e-03
4.447309011299879766e-02
4.447309011299879766e-02
8.811123989585745511e-03
2.063345858051919297e-03
1.574160411064708977e-03
1.574160411064708977e-03
1.574160411064708977e-03
1.574160411064708977e-03
1.574160411064708977e-03
1.574160411064708977e-03
1.574160411064708977e-03
1.574160411064708977e-03
1.574160411064708977e-03
1.574160411064708977e-03
1.574160411064708977e-03
1.574160411064708977e-03
1.574160411064708977e-03
1.574160411064708977e-03
1.574160411064708977e-03
1.738583501892759439e-02
1.983739853249533863e-02
1.983739853249533863e-02
1.983739853249533863e-02
1.983739853249533863e-02
1.983739853249533863e-02
1.983739853249533863e-02
1.983739853249533863e-02
1.983739853249533863e-02
1.080901141235607321e-02
1.072988172809473742e-02
1.080901141235607321e-02
1.080901141235607321e-02
1.080901141235607321e-02
1.080901141235607321e-02
1.080901141235607321e-02
1.080901141235607321e-02
1.080901141235607321e-02
1.072988172809473742e-02
1.072988172809473742e-02
1.072988172809473742e-02
1.072988172809473742e-02
1.072988172809473742e-02
1.072988172809473742e-02
0.000000000000000000e+00
0.000000000000000000e+00
0.000000000000000000e+00
0.000000000000000000e+00
0.000000000000000000e+00
0.000000000000000000e+00
2.820972055366125983e-02
9.446175371956780711e-03
9.446175371956780711e-03
9.446175371956780711e-03
9.446175371956780711e-03
9.446175371956780711e-03
9.446175371956780711e-03
9.446175371956780711e-03
9.446175371956780711e-03
9.446175371956780711e-03
9.446175371956780711e-03
9.446175371956780711e-03
9.446175371956780711e-03
1.865889695385119715e-02
1.865889695385119715e-02
1.865889695385119715e-02
1.865889695385119715e-02
1.865889695385119715e-02
1.865889695385119715e-02
1.865889695385119715e-02
1.865889695385119715e-02
1.865889695385119715e-02
1.865889695385119715e-02
1.865889695385119715e-02
2.149587599698270929e-02
7.726485068571847803e-03
7.726485068571847803e-03
7.726485068571847803e-03
7.726485068571847803e-03
7.726485068571847803e-03
7.726485068571847803e-03
2.120411347154611131e-02
2.197540674616581778e-03
3.706163015409116423e-03
3.706163015409116423e-03
3.706163015409116423e-03
1.510690910538763608e-02
1.510690910538763608e-02
1.510690910538763608e-02
1.510690910538763608e-02
1.510690910538763608e-02
1.510690910538763608e-02
1.510690910538763608e-02
1.510690910538763608e-02
1.510690910538763608e-02
1.510690910538763608e-02
1.510690910538763608e-02
1.510690910538763608e-02
1.510690910538763608e-02
1.510690910538763608e-02
1.510690910538763608e-02
1.510690910538763608e-02
1.510690910538763608e-02
1.510690910538763608e-02
1.510690910538763608e-02
4.642413772512633471e-03
3.129869055737343614e-02
3.129869055737343614e-02
1.631246173450617842e-02
1.631246173450617842e-02
1.631246173450617842e-02
1.631246173450617842e-02
1.631246173450617842e-02
1.631246173450617842e-02
1.631246173450617842e-02
1.631246173450617842e-02
1.631246173450617842e-02
1.631246173450617842e-02
1.631246173450617842e-02
1.772384878933870242e-02
4.390180826184998490e-03
4.390180826184998490e-03
4.390180826184998490e-03
4.390180826184998490e-03
4.390180826184998490e-03
4.390180826184998490e-03
1.606952507874483496e-04
1.244431019975849977e-02
1.244431019975849977e-02
9.195179535218105668e-04
5.884566213704548777e-03
5.884566213704548777e-03
5.884566213704548777e-03
5.884566213704548777e-03
0.000000000000000000e+00
5.884566213704548777e-03
5.884566213704548777e-03
5.884566213704548777e-03
1.703980988146446690e-02
1.703980988146446690e-02
1.703980988146446690e-02
1.703980988146446690e-02
1.703980988146446690e-02
1.703980988146446690e-02
1.703980988146446690e-02
1.703980988146446690e-02
1.703980988146446690e-02
1.703980988146446690e-02
1.703980988146446690e-02
1.703980988146446690e-02
1.703980988146446690e-02
1.703980988146446690e-02
1.703980988146446690e-02
0.000000000000000000e+00
0.000000000000000000e+00
0.000000000000000000e+00
0.000000000000000000e+00
0.000000000000000000e+00
0.000000000000000000e+00
0.000000000000000000e+00
0.000000000000000000e+00
0.000000000000000000e+00
0.000000000000000000e+00
0.000000000000000000e+00
0.000000000000000000e+00
2.338085018666230530e-02
1.751665581960315174e-02
1.751665581960315174e-02
1.751665581960315174e-02
1.751665581960315174e-02
1.751665581960315174e-02
1.751665581960315174e-02
1.751665581960315174e-02
1.751665581960315174e-02
1.751665581960315174e-02
1.751665581960315174e-02
9.787194045269603099e-03
9.787194045269603099e-03
9.787194045269603099e-03
9.787194045269603099e-03
9.787194045269603099e-03
9.787194045269603099e-03
9.787194045269603099e-03
9.787194045269603099e-03
9.787194045269603099e-03
9.787194045269603099e-03
9.787194045269603099e-03
9.787194045269603099e-03
9.787194045269603099e-03
9.787194045269603099e-03
9.787194045269603099e-03
9.195179535218105668e-04
0.000000000000000000e+00
0.000000000000000000e+00
1.902630846684859323e-02
1.271965419765345995e-02
1.271965419765345995e-02
1.270116513956664507e-02
1.950077040978639986e-02
1.950077040978639986e-02
1.950077040978639986e-02
1.950077040978639986e-02
1.950077040978639986e-02
1.950077040978639986e-02
1.950077040978639986e-02
1.950077040978639986e-02
0.000000000000000000e+00
3.705283802291545192e-02
3.705283802291545192e-02
3.705283802291545192e-02
3.705283802291545192e-02
3.705283802291545192e-02
3.705283802291545192e-02
1.714087165729048746e-03
9.069836201262291078e-03
9.069836201262291078e-03
9.069836201262291078e-03
9.069836201262291078e-03
0.000000000000000000e+00
0.000000000000000000e+00
1.867690777934148672e-02
1.867690777934148672e-02
1.867690777934148672e-02
1.867690777934148672e-02
1.867690777934148672e-02
1.867690777934148672e-02
1.867690777934148672e-02
1.867690777934148672e-02
1.867690777934148672e-02
1.867690777934148672e-02
1.867690777934148672e-02
1.867690777934148672e-02
1.867690777934148672e-02
1.867690777934148672e-02
1.867690777934148672e-02
1.867690777934148672e-02
1.867690777934148672e-02
4.840094792512181394e-03
3.235219146883860225e-02
3.235219146883860225e-02
1.508578731552179947e-02
1.742218599490288553e-02
1.742218599490288553e-02
1.742218599490288553e-02
1.742218599490288553e-02
7.793001335227391774e-03
4.140647837530400839e-03
4.140647837530400839e-03
4.140647837530400839e-03
4.140647837530400839e-03
4.140647837530400839e-03
4.140647837530400839e-03
4.140647837530400839e-03
4.140647837530400839e-03
4.140647837530400839e-03
4.140647837530400839e-03
4.140647837530400839e-03
4.140647837530400839e-03
4.140647837530400839e-03
4.140647837530400839e-03
4.140647837530400839e-03
4.140647837530400839e-03
1.714087165729048746e-03
3.809189016896315661e-03
3.809189016896315661e-03
2.629377257643479918e-03
9.151097677700067469e-04
9.151097677700067469e-04
9.151097677700067469e-04
9.151097677700067469e-04
9.151097677700067469e-04
9.151097677700067469e-04
9.151097677700067469e-04
9.151097677700067469e-04
9.151097677700067469e-04
9.151097677700067469e-04
9.151097677700067469e-04
9.151097677700067469e-04
9.151097677700067469e-04
9.151097677700067469e-04
1.297798419120219614e-02
3.492538432260968231e-03
3.492538432260968231e-03
3.492538432260968231e-03
3.492538432260968231e-03
3.492538432260968231e-03
3.492538432260968231e-03
3.492538432260968231e-03
3.492538432260968231e-03
2.133112978900034498e-02
2.133112978900034498e-02
2.133112978900034498e-02
1.282328235022535054e-02
2.133112978900034498e-02
2.133112978900034498e-02
2.133112978900034498e-02
2.133112978900034498e-02
2.133112978900034498e-02
1.297798419120219614e-02
1.297798419120219614e-02
1.178136143332845359e-02
5.012378909296342708e-03
5.012378909296342708e-03
2.834603043402738644e-03
0.000000000000000000e+00
0.000000000000000000e+00
2.881413657757168553e-02
2.653082623254455347e-02
2.653082623254455347e-02
2.653082623254455347e-02
2.653082623254455347e-02
2.653082623254455347e-02
2.653082623254455347e-02
2.653082623254455347e-02
2.653082623254455347e-02
2.009231650237168574e-03
5.197743243383073919e-02
5.197743243383073919e-02
5.197743243383073919e-02
5.197743243383073919e-02
5.197743243383073919e-02
5.197743243383073919e-02
2.519894675230412336e-03
1.101887026424144952e-03
1.101887026424144952e-03
1.101887026424144952e-03
1.101887026424144952e-03
7.793001335227391774e-03
7.793001335227391774e-03
4.652223703173746262e-03
0.000000000000000000e+00
0.000000000000000000e+00
0.000000000000000000e+00
0.000000000000000000e+00
8.263426637405315960e-04
8.263426637405315960e-04
8.263426637405315960e-04
8.263426637405315960e-04
8.263426637405315960e-04
8.263426637405315960e-04
8.263426637405315960e-04
8.263426637405315960e-04
8.263426637405315960e-04
8.263426637405315960e-04
8.263426637405315960e-04
1.184088967329589154e-02
1.148589898816711197e-02
1.148589898816711197e-02
1.148589898816711197e-02
1.148589898816711197e-02
1.148589898816711197e-02
1.148589898816711197e-02
1.148589898816711197e-02
1.148589898816711197e-02
1.828211858021735331e-02
1.174224177745964055e-02
1.174224177745964055e-02
1.174224177745964055e-02
1.174224177745964055e-02
1.174224177745964055e-02
1.174224177745964055e-02
1.174224177745964055e-02
1.174224177745964055e-02
1.174224177745964055e-02
1.174224177745964055e-02
0.000000000000000000e+00
4.840094792512181394e-03
4.840094792512181394e-03
4.840094792512181394e-03
4.840094792512181394e-03
4.840094792512181394e-03
4.840094792512181394e-03
4.840094792512181394e-03
6.055808501171602680e-03
3.941105175834631880e-03
3.941105175834631880e-03
3.941105175834631880e-03
3.941105175834631880e-03
1.738583501892759439e-02
1.738583501892759439e-02
1.577461228171564769e-02
1.577461228171564769e-02
1.577461228171564769e-02
1.577461228171564769e-02
1.577461228171564769e-02
1.577461228171564769e-02
1.577461228171564769e-02
1.577461228171564769e-02
1.577461228171564769e-02
1.577461228171564769e-02
1.577461228171564769e-02
1.577461228171564769e-02
1.577461228171564769e-02
1.577461228171564769e-02
1.577461228171564769e-02
1.577461228171564769e-02
1.577461228171564769e-02
1.577461228171564769e-02
1.577461228171564769e-02
2.260939699808442796e-02
3.556261573832502493e-02
3.556261573832502493e-02
3.556261573832502493e-02
3.556261573832502493e-02
3.556261573832502493e-02
3.556261573832502493e-02
3.556261573832502493e-02
3.556261573832502493e-02
3.556261573832502493e-02
3.556261573832502493e-02
5.340349415688055252e-04
5.340349415688055252e-04
8.280420289593014641e-03
2.009231650237168574e-03
2.217567632299947966e-02
2.841847090845465995e-02
2.841847090845465995e-02
2.841847090845465995e-02
2.841847090845465995e-02
2.841847090845465995e-02
2.841847090845465995e-02
2.149587599698270929e-02
2.149587599698270929e-02
2.149587599698270929e-02
2.149587599698270929e-02
0.000000000000000000e+00
1.772384878933870242e-02
1.772384878933870242e-02
1.772384878933870242e-02
1.088199310261591182e-02
1.088199310261591182e-02
1.088199310261591182e-02
1.088199310261591182e-02
1.088199310261591182e-02
1.088199310261591182e-02
1.088199310261591182e-02
1.088199310261591182e-02
1.088199310261591182e-02
1.088199310261591182e-02
1.088199310261591182e-02
1.088199310261591182e-02
1.088199310261591182e-02
1.088199310261591182e-02
1.088199310261591182e-02
1.242257889955752578e-02
2.083158842244874260e-04
2.083158842244874260e-04
2.083158842244874260e-04
2.083158842244874260e-04
2.083158842244874260e-04
2.083158842244874260e-04
2.083158842244874260e-04
2.083158842244874260e-04
1.151826142342175958e-02
1.191699584254648017e-02
1.191699584254648017e-02
1.535176062413839623e-02
1.191699584254648017e-02
1.789988885297317742e-02
1.321615252749595067e-03
1.321615252749595067e-03
1.321615252749595067e-03
1.321615252749595067e-03
0.000000000000000000e+00
1.606952507874483496e-04
0.000000000000000000e+00
0.000000000000000000e+00
0.000000000000000000e+00
1.606952507874483496e-04
1.606952507874483496e-04
2.232248814540613302e-02
2.285685889489628281e-02
2.285685889489628281e-02
2.285685889489628281e-02
2.285685889489628281e-02
0.000000000000000000e+00
0.000000000000000000e+00
0.000000000000000000e+00
1.546167973115277969e-02
4.415431681750827167e-04
4.415431681750827167e-04
4.415431681750827167e-04
4.415431681750827167e-04
4.415431681750827167e-04
4.415431681750827167e-04
4.415431681750827167e-04
4.415431681750827167e-04
4.415431681750827167e-04
4.415431681750827167e-04
1.061855349380918037e-02
1.012281882136343951e-02
1.012281882136343951e-02
5.883026234301184758e-03
5.883026234301184758e-03
1.996552085468629792e-02
0.000000000000000000e+00
0.000000000000000000e+00
2.197540674616581778e-03
2.197540674616581778e-03
1.789988885297317742e-02
1.589430501420439901e-02
1.589430501420439901e-02
1.714087165729048746e-03
1.714087165729048746e-03
1.714087165729048746e-03
2.260939699808442796e-02
2.127763658214069931e-02
2.127763658214069931e-02
1.763861438237166596e-02
7.024929076750514000e-03
1.185020093048825759e-02
1.902630846684859323e-02
1.902630846684859323e-02
1.902630846684859323e-02
1.902630846684859323e-02
1.902630846684859323e-02
0.000000000000000000e+00
2.721661411033291650e-02
2.721661411033291650e-02
1.359599215914621215e-03
2.338085018666230530e-02
9.966270873534008312e-03
9.569181835153772048e-03
9.569181835153772048e-03
9.569181835153772048e-03
9.569181835153772048e-03
9.569181835153772048e-03
9.569181835153772048e-03
9.569181835153772048e-03
9.569181835153772048e-03
8.840326406058387348e-03
3.508629574568971482e-02
3.508629574568971482e-02
3.508629574568971482e-02
3.508629574568971482e-02
5.551782870408730232e-03
1.257601123568733749e-02
5.551782870408730232e-03
5.551782870408730232e-03
5.551782870408730232e-03
5.551782870408730232e-03
5.551782870408730232e-03
5.551782870408730232e-03
5.551782870408730232e-03
1.257601123568733749e-02
1.257601123568733749e-02
1.257601123568733749e-02
5.941239981972970020e-03
1.681477150909966439e-02
5.941239981972970020e-03
5.941239981972970020e-03
5.941239981972970020e-03
5.941239981972970020e-03
5.941239981972970020e-03
5.941239981972970020e-03
5.941239981972970020e-03
5.941239981972970020e-03
5.941239981972970020e-03
5.941239981972970020e-03
5.941239981972970020e-03
3.635929439793556157e-03
4.314786508612631320e-03
4.314786508612631320e-03
4.314786508612631320e-03
4.314786508612631320e-03
2.820972055366125983e-02
2.820972055366125983e-02
6.498183164146914201e-03
6.498183164146914201e-03
6.498183164146914201e-03
6.498183164146914201e-03
6.498183164146914201e-03
6.498183164146914201e-03
6.498183164146914201e-03
6.498183164146914201e-03
6.498183164146914201e-03
6.498183164146914201e-03
6.498183164146914201e-03
1.031645457067614964e-02
6.055808501171602680e-03
6.055808501171602680e-03
6.055808501171602680e-03
6.055808501171602680e-03
6.055808501171602680e-03
6.055808501171602680e-03
6.568379977128382605e-03
6.154532779537863832e-03
6.154532779537863832e-03
6.154532779537863832e-03
6.154532779537863832e-03
6.154532779537863832e-03
6.154532779537863832e-03
6.154532779537863832e-03
6.154532779537863832e-03
6.154532779537863832e-03
6.154532779537863832e-03
6.154532779537863832e-03
6.154532779537863832e-03
6.154532779537863832e-03
6.154532779537863832e-03
2.000194147073872835e-04
6.521316865718858454e-04
6.521316865718858454e-04
6.521316865718858454e-04
6.521316865718858454e-04
6.521316865718858454e-04
6.521316865718858454e-04
9.462000590628062008e-03
1.345920879867506907e-02
1.345920879867506907e-02
1.178136143332845359e-02
4.705958176055324502e-03
4.705958176055324502e-03
4.705958176055324502e-03
4.705958176055324502e-03
2.740471534303393630e-01
2.549240315469826143e-02
2.549240315469826143e-02
2.549240315469826143e-02
2.549240315469826143e-02
2.521915418342809967e-02
4.141857247972962133e-03
4.141857247972962133e-03
1.265709580258012230e-02
4.141857247972962133e-03
2.598020378516772283e-02
6.270726244351808656e-03
6.270726244351808656e-03
6.270726244351808656e-03
6.270726244351808656e-03
1.184088967329589154e-02
1.660468022631184093e-02
1.660468022631184093e-02
2.260939699808442796e-02
6.697097832711079723e-03
3.389935812037300528e-04
3.389935812037300528e-04
3.389935812037300528e-04
3.389935812037300528e-04
3.389935812037300528e-04
3.389935812037300528e-04
3.389935812037300528e-04
3.389935812037300528e-04
3.389935812037300528e-04
3.389935812037300528e-04
6.568379977128382605e-03
6.568379977128382605e-03
2.074693061782841366e-02
1.763861438237166596e-02
2.074693061782841366e-02
1.402248865657097689e-03
7.394002335629609388e-03
7.394002335629609388e-03
1.092997268011954015e-02
7.394002335629609388e-03
1.477343066863848545e-03
2.598020378516772283e-02
2.598020378516772283e-02
2.598020378516772283e-02
2.598020378516772283e-02
2.598020378516772283e-02
1.242257889955752578e-02
1.242257889955752578e-02
1.535176062413839623e-02
1.151826142342175958e-02
1.535176062413839623e-02
1.789988885297317742e-02
1.789988885297317742e-02
1.789988885297317742e-02
1.282328235022535054e-02
1.282328235022535054e-02
1.282328235022535054e-02
1.282328235022535054e-02
1.282328235022535054e-02
1.148179327847977538e-03
7.734091318912604887e-03
7.734091318912604887e-03
7.734091318912604887e-03
7.734091318912604887e-03
1.151826142342175958e-02
1.151826142342175958e-02
7.065295280572884452e-03
4.179740967851330695e-03
4.179740967851330695e-03
2.521915418342809967e-02
1.996552085468629792e-02
1.092997268011954015e-02
1.092997268011954015e-02
1.092997268011954015e-02
1.092997268011954015e-02
1.092997268011954015e-02
1.185020093048825759e-02
1.185020093048825759e-02
1.185020093048825759e-02
1.185020093048825759e-02
1.185020093048825759e-02
1.185020093048825759e-02
8.442922890244354203e-03
5.116379368979443246e-03
5.116379368979443246e-03
5.116379368979443246e-03
5.116379368979443246e-03
2.408601615104032090e-02
4.652223703173746262e-03
4.652223703173746262e-03
4.652223703173746262e-03
2.217567632299947966e-02
2.217567632299947966e-02
2.217567632299947966e-02
2.217567632299947966e-02
3.635929439793556157e-03
1.101790499218574092e-03
1.101790499218574092e-03
1.101790499218574092e-03
1.101790499218574092e-03
0.000000000000000000e+00
0.000000000000000000e+00
0.000000000000000000e+00
1.683361933549847728e-02
8.122160877314456339e-04
8.122160877314456339e-04
8.122160877314456339e-04
8.122160877314456339e-04
1.095472888577354864e-02
1.095472888577354864e-02
1.095472888577354864e-02
1.095472888577354864e-02
1.095472888577354864e-02
1.095472888577354864e-02
1.095472888577354864e-02
1.095472888577354864e-02
1.095472888577354864e-02
1.095472888577354864e-02
1.095472888577354864e-02
1.095472888577354864e-02
1.095472888577354864e-02
8.841097311655348248e-03
7.360366230609175116e-03
7.360366230609175116e-03
7.360366230609175116e-03
7.360366230609175116e-03
1.060684167778670750e-02
0.000000000000000000e+00
0.000000000000000000e+00
0.000000000000000000e+00
0.000000000000000000e+00
1.265709580258012230e-02
1.683361933549847728e-02
1.683361933549847728e-02
1.645986725073573728e-02
1.683361933549847728e-02
1.683361933549847728e-02
1.683361933549847728e-02
1.683361933549847728e-02
1.683361933549847728e-02
1.477343066863848545e-03
1.293602197735977538e-02
1.293602197735977538e-02
8.442922890244354203e-03
8.442922890244354203e-03
8.442922890244354203e-03
8.442922890244354203e-03
8.442922890244354203e-03
8.442922890244354203e-03
8.442922890244354203e-03
8.442922890244354203e-03
1.184088967329589154e-02
1.477343066863848545e-03
1.477343066863848545e-03
1.477343066863848545e-03
1.997129114575402556e-02
1.601310489062685721e-02
1.997129114575402556e-02
1.997129114575402556e-02
1.997129114575402556e-02
1.997129114575402556e-02
1.997129114575402556e-02
1.997129114575402556e-02
1.997129114575402556e-02
1.601310489062685721e-02
8.840326406058387348e-03
8.840326406058387348e-03
8.840326406058387348e-03
8.840326406058387348e-03
8.840326406058387348e-03
8.840326406058387348e-03
2.000194147073872835e-04
2.042899924086444882e-03
2.042899924086444882e-03
1.148179327847977538e-03
1.052899932500427505e-03
1.052899932500427505e-03
2.408601615104032090e-02
2.408601615104032090e-02
1.546167973115277969e-02
1.546167973115277969e-02
1.645986725073573728e-02
1.419182457334416253e-02
1.940559443357316258e-03
1.940559443357316258e-03
1.940559443357316258e-03
1.940559443357316258e-03
0.000000000000000000e+00
0.000000000000000000e+00
0.000000000000000000e+00
0.000000000000000000e+00
0.000000000000000000e+00
0.000000000000000000e+00
0.000000000000000000e+00
0.000000000000000000e+00
0.000000000000000000e+00
0.000000000000000000e+00
9.966270873534008312e-03
9.966270873534008312e-03
9.966270873534008312e-03
9.966270873534008312e-03
9.966270873534008312e-03
9.966270873534008312e-03
9.966270873534008312e-03
9.966270873534008312e-03
1.419182457334416253e-02
1.419182457334416253e-02
1.419182457334416253e-02
1.419182457334416253e-02
1.419182457334416253e-02
1.419182457334416253e-02
1.419182457334416253e-02
1.419182457334416253e-02
6.697097832711079723e-03
6.697097832711079723e-03
8.280420289593014641e-03
8.280420289593014641e-03
1.359599215914621215e-03
1.359599215914621215e-03
2.834603043402738644e-03
2.834603043402738644e-03
3.953101200107768561e-03
2.834603043402738644e-03
2.834603043402738644e-03
2.834603043402738644e-03
2.834603043402738644e-03
2.834603043402738644e-03
2.834603043402738644e-03
2.834603043402738644e-03
3.953101200107768561e-03
3.047740240549985050e-03
1.128786790768836375e-02
1.128786790768836375e-02
3.047740240549985050e-03
3.047740240549985050e-03
3.047740240549985050e-03
3.047740240549985050e-03
3.047740240549985050e-03
3.047740240549985050e-03
3.047740240549985050e-03
3.047740240549985050e-03
1.125178531485671388e-02
1.125178531485671388e-02
1.125178531485671388e-02
1.125178531485671388e-02
1.125178531485671388e-02
1.125178531485671388e-02
1.125178531485671388e-02
1.125178531485671388e-02
1.125178531485671388e-02
1.125178531485671388e-02
1.125178531485671388e-02
4.470384203344362345e-02
1.125178531485671388e-02
3.635929439793556157e-03
4.470384203344362345e-02
5.077396252934962551e-03
5.077396252934962551e-03
8.059045613342145226e-03
8.059045613342145226e-03
2.521915418342809967e-02
1.108920854961045928e-02
4.642413772512633471e-03
4.642413772512633471e-03
4.642413772512633471e-03
4.642413772512633471e-03
4.642413772512633471e-03
9.195179535218105668e-04
4.729252515619690803e-03
9.462000590628062008e-03
9.462000590628062008e-03
9.462000590628062008e-03
8.841097311655348248e-03
8.841097311655348248e-03
8.841097311655348248e-03
8.841097311655348248e-03
8.841097311655348248e-03
8.841097311655348248e-03
8.841097311655348248e-03
8.841097311655348248e-03
1.060684167778670750e-02
1.060684167778670750e-02
1.060684167778670750e-02
1.060684167778670750e-02
1.060684167778670750e-02
1.060684167778670750e-02
1.060684167778670750e-02
1.060684167778670750e-02
2.519894675230412336e-03
2.519894675230412336e-03
2.519894675230412336e-03
2.519894675230412336e-03
2.519894675230412336e-03
2.519894675230412336e-03
2.519894675230412336e-03
2.519894675230412336e-03
1.950671038723982009e-02
4.729252515619690803e-03
4.729252515619690803e-03
4.729252515619690803e-03
4.729252515619690803e-03
1.681477150909966439e-02
1.402248865657097689e-03
1.255289911661869144e-02
1.255289911661869144e-02
2.629377257643479918e-03
2.629377257643479918e-03
0.000000000000000000e+00
0.000000000000000000e+00
0.000000000000000000e+00
1.350235845480121828e-02
2.980071388065188079e-02
2.980071388065188079e-02
2.980071388065188079e-02
2.980071388065188079e-02
2.980071388065188079e-02
2.980071388065188079e-02
1.402248865657097689e-03
1.402248865657097689e-03
1.402248865657097689e-03
1.148179327847977538e-03
1.148179327847977538e-03
1.148179327847977538e-03
0.000000000000000000e+00
0.000000000000000000e+00
0.000000000000000000e+00
7.291980076745358322e-03
7.291980076745358322e-03
7.291980076745358322e-03
7.291980076745358322e-03
7.291980076745358322e-03
7.291980076745358322e-03
7.291980076745358322e-03
7.291980076745358322e-03
4.140699105458699354e-03
1.061855349380918037e-02
1.061855349380918037e-02
1.061855349380918037e-02
1.508578731552179947e-02
1.508578731552179947e-02
1.508578731552179947e-02
1.508578731552179947e-02
1.508578731552179947e-02
1.508578731552179947e-02
1.828211858021735331e-02
1.828211858021735331e-02
1.828211858021735331e-02
1.828211858021735331e-02
1.828211858021735331e-02
1.828211858021735331e-02
2.000194147073872835e-04
2.000194147073872835e-04
2.000194147073872835e-04
1.938274353900993827e-02
1.938274353900993827e-02
1.938274353900993827e-02
1.938274353900993827e-02
1.938274353900993827e-02
1.938274353900993827e-02
1.938274353900993827e-02
1.938274353900993827e-02
1.938274353900993827e-02
1.938274353900993827e-02
1.938274353900993827e-02
1.938274353900993827e-02
1.938274353900993827e-02
1.108920854961045928e-02
3.688105676318930229e-03
3.688105676318930229e-03
7.065295280572884452e-03
1.289505585357253285e-02
1.289505585357253285e-02
2.881413657757168553e-02
2.881413657757168553e-02
4.140699105458699354e-03
4.140699105458699354e-03
4.140699105458699354e-03
4.140699105458699354e-03
4.140699105458699354e-03
4.140699105458699354e-03
2.740471534303393630e-01
1.457902470981727039e-02
1.457902470981727039e-02
1.498994513404839669e-02
2.740471534303393630e-01
1.498994513404839669e-02
1.108920854961045928e-02
2.232248814540613302e-02
2.232248814540613302e-02
2.232248814540613302e-02
2.232248814540613302e-02
2.232248814540613302e-02
2.232248814540613302e-02
0.000000000000000000e+00
0.000000000000000000e+00
0.000000000000000000e+00
0.000000000000000000e+00
2.991700438819152458e-02
2.991700438819152458e-02
2.991700438819152458e-02
2.991700438819152458e-02
2.991700438819152458e-02
2.991700438819152458e-02
2.991700438819152458e-02
2.991700438819152458e-02
2.991700438819152458e-02
2.991700438819152458e-02
2.991700438819152458e-02
2.613544395449327994e-03
7.065295280572884452e-03
7.065295280572884452e-03
2.613544395449327994e-03
1.350235845480121828e-02
0.000000000000000000e+00
0.000000000000000000e+00
1.270116513956664507e-02
1.270116513956664507e-02
1.350235845480121828e-02
0.000000000000000000e+00
0.000000000000000000e+00
0.000000000000000000e+00
0.000000000000000000e+00
0.000000000000000000e+00
2.137429495046950026e-02
2.137429495046950026e-02
