0.000000000000000000e+00
0.000000000000000000e+00
0.000000000000000000e+00
0.000000000000000000e+00
0.000000000000000000e+00
0.000000000000000000e+00
0.000000000000000000e+00
0.000000000000000000e+00
0.000000000000000000e+00
0.000000000000000000e+00
0.000000000000000000e+00
0.000000000000000000e+00
0.000000000000000000e+00
0.000000000000000000e+00
0.000000000000000000e+00
0.000000000000000000e+00
0.000000000000000000e+00
1.512804238101616086e-03
1.512804238101616086e-03
1.512804238101616086e-03
1.512804238101616086e-03
1.512804238101616086e-03
1.512804238101616086e-03
1.512804238101616086e-03
1.512804238101616086e-03
1.512804238101616086e-03
1.512804238101616086e-03
1.512804238101616086e-03
1.512804238101616086e-03
1.512804238101616086e-03
9.355047751810455919e-03
1.433460917972710982e-03
1.433460917972710982e-03
1.433460917972710982e-03
1.433460917972710982e-03
1.433460917972710982e-03
1.433460917972710982e-03
1.433460917972710982e-03
1.433460917972710982e-03
1.433460917972710982e-03
1.433460917972710982e-03
1.433460917972710982e-03
1.433460917972710982e-03
4.492437868842923399e-01
4.492437868842923399e-01
4.492437868842923399e-01
4.492437868842923399e-01
4.492437868842923399e-01
4.492437868842923399e-01
4.492437868842923399e-01
4.492437868842923399e-01
4.492437868842923399e-01
4.492437868842923399e-01
4.492437868842923399e-01
3.581318033789293413e-03
3.581318033789293413e-03
3.581318033789293413e-03
3.581318033789293413e-03
3.581318033789293413e-03
3.581318033789293413e-03
3.581318033789293413e-03
3.581318033789293413e-03
3.581318033789293413e-03
3.581318033789293413e-03
3.581318033789293413e-03
6.222556021579834021e-03
1.272974473679542706e-04
1.272974473679542706e-04
1.272974473679542706e-04
1.272974473679542706e-04
1.272974473679542706e-04
1.272974473679542706e-04
6.222556021579834021e-03
0.000000000000000000e+00
0.000000000000000000e+00
0.000000000000000000e+00
0.000000000000000000e+00
1.173005024632050274e-03
6.483103593772032019e-03
6.483103593772032019e-03
6.483103593772032019e-03
6.483103593772032019e-03
6.483103593772032019e-03
6.483103593772032019e-03
6.483103593772032019e-03
6.483103593772032019e-03
6.483103593772032019e-03
6.483103593772032019e-03
6.483103593772032019e-03
6.483103593772032019e-03
6.483103593772032019e-03
6.483103593772032019e-03
5.450604593402229650e-03
3.425734840562275323e-03
3.425734840562275323e-03
3.425734840562275323e-03
3.425734840562275323e-03
3.425734840562275323e-03
3.425734840562275323e-03
3.425734840562275323e-03
3.425734840562275323e-03
1.822012505732599832e-02
6.018765204389151142e-03
6.018765204389151142e-03
6.747727930744682953e-03
8.590429281381329815e-03
8.590429281381329815e-03
9.346814784355434932e-03
9.346814784355434932e-03
9.346814784355434932e-03
9.346814784355434932e-03
9.346814784355434932e-03
9.346814784355434932e-03
9.346814784355434932e-03
9.346814784355434932e-03
9.346814784355434932e-03
9.346814784355434932e-03
9.346814784355434932e-03
9.346814784355434932e-03
9.346814784355434932e-03
1.822012505732599832e-02
1.870127797539449660e-02
1.870127797539449660e-02
1.870127797539449660e-02
1.870127797539449660e-02
1.870127797539449660e-02
1.870127797539449660e-02
1.870127797539449660e-02
1.870127797539449660e-02
1.870127797539449660e-02
1.870127797539449660e-02
1.828016112561763398e-02
1.067529494301940399e-02
1.067529494301940399e-02
1.067529494301940399e-02
1.067529494301940399e-02
1.067529494301940399e-02
1.067529494301940399e-02
1.067529494301940399e-02
1.067529494301940399e-02
1.067529494301940399e-02
1.067529494301940399e-02
2.040830779677577089e-02
1.135835371829103935e-02
1.135835371829103935e-02
3.091329635203038384e-02
1.135835371829103935e-02
1.135835371829103935e-02
1.135835371829103935e-02
1.828016112561763398e-02
1.828016112561763398e-02
2.011952325689282846e-03
2.026642868734793135e-04
2.026642868734793135e-04
2.026642868734793135e-04
2.026642868734793135e-04
4.925994732046130989e-05
4.925994732046130989e-05
4.925994732046130989e-05
4.925994732046130989e-05
4.925994732046130989e-05
4.925994732046130989e-05
4.925994732046130989e-05
4.925994732046130989e-05
4.925994732046130989e-05
4.925994732046130989e-05
4.925994732046130989e-05
4.646773439487042988e-03
1.195370003330259315e-03
1.195370003330259315e-03
1.195370003330259315e-03
1.195370003330259315e-03
1.195370003330259315e-03
1.195370003330259315e-03
1.195370003330259315e-03
1.195370003330259315e-03
8.295492125801270239e-03
8.295492125801270239e-03
8.295492125801270239e-03
8.295492125801270239e-03
8.295492125801270239e-03
8.295492125801270239e-03
8.295492125801270239e-03
8.295492125801270239e-03
8.295492125801270239e-03
8.295492125801270239e-03
8.295492125801270239e-03
4.646773439487042988e-03
4.646773439487042988e-03
1.459638774284453648e-02
1.459638774284453648e-02
1.459638774284453648e-02
1.459638774284453648e-02
1.459638774284453648e-02
1.459638774284453648e-02
1.459638774284453648e-02
1.459638774284453648e-02
1.459638774284453648e-02
1.459638774284453648e-02
1.459638774284453648e-02
1.192499024056639483e-02
2.842713857398340878e-03
2.842713857398340878e-03
2.842713857398340878e-03
2.842713857398340878e-03
2.842713857398340878e-03
2.842713857398340878e-03
2.842713857398340878e-03
2.842713857398340878e-03
1.979137270555394665e-02
1.979137270555394665e-02
1.979137270555394665e-02
1.979137270555394665e-02
1.979137270555394665e-02
1.979137270555394665e-02
1.979137270555394665e-02
1.979137270555394665e-02
1.979137270555394665e-02
1.979137270555394665e-02
1.979137270555394665e-02
1.979137270555394665e-02
1.979137270555394665e-02
1.979137270555394665e-02
1.979137270555394665e-02
1.979137270555394665e-02
1.979137270555394665e-02
1.979137270555394665e-02
1.979137270555394665e-02
1.979137270555394665e-02
1.979137270555394665e-02
3.163531169759702111e-02
3.310701722701617916e-02
3.310701722701617916e-02
0.000000000000000000e+00
0.000000000000000000e+00
0.000000000000000000e+00
0.000000000000000000e+00
0.000000000000000000e+00
0.000000000000000000e+00
0.000000000000000000e+00
0.000000000000000000e+00
0.000000000000000000e+00
0.000000000000000000e+00
0.000000000000000000e+00
0.000000000000000000e+00
0.000000000000000000e+00
0.000000000000000000e+00
0.000000000000000000e+00
0.000000000000000000e+00
0.000000000000000000e+00
0.000000000000000000e+00
0.000000000000000000e+00
1.276761935880168716e-02
7.808028904044309743e-03
7.808028904044309743e-03
7.808028904044309743e-03
7.808028904044309743e-03
1.358639821038922987e-02
1.358639821038922987e-02
1.358639821038922987e-02
1.358639821038922987e-02
1.358639821038922987e-02
1.358639821038922987e-02
1.358639821038922987e-02
1.358639821038922987e-02
1.358639821038922987e-02
1.358639821038922987e-02
1.358639821038922987e-02
1.358639821038922987e-02
1.358639821038922987e-02
1.093591113398413237e-02
1.282811094499504770e-02
1.282811094499504770e-02
1.282811094499504770e-02
1.282811094499504770e-02
1.282811094499504770e-02
1.282811094499504770e-02
1.282811094499504770e-02
1.282811094499504770e-02
2.011952325689282846e-03
2.011952325689282846e-03
2.011952325689282846e-03
2.011952325689282846e-03
2.011952325689282846e-03
2.011952325689282846e-03
2.011952325689282846e-03
2.011952325689282846e-03
1.422309234198664875e-02
6.747727930744682953e-03
3.587520231016422863e-04
3.587520231016422863e-04
3.587520231016422863e-04
3.587520231016422863e-04
3.587520231016422863e-04
3.587520231016422863e-04
3.587520231016422863e-04
3.587520231016422863e-04
3.587520231016422863e-04
3.587520231016422863e-04
3.587520231016422863e-04
2.035271204956928467e-02
2.811401185139681541e-02
2.811401185139681541e-02
2.811401185139681541e-02
2.811401185139681541e-02
2.811401185139681541e-02
2.811401185139681541e-02
2.811401185139681541e-02
2.811401185139681541e-02
6.222556021579834021e-03
7.815291510527413998e-03
6.556710446353550790e-03
6.556710446353550790e-03
7.815291510527413998e-03
6.345910801431401890e-03
6.345910801431401890e-03
6.345910801431401890e-03
6.345910801431401890e-03
6.345910801431401890e-03
6.345910801431401890e-03
1.105766568000430931e-02
1.105766568000430931e-02
1.105766568000430931e-02
2.017198425011209814e-02
1.105766568000430931e-02
1.105766568000430931e-02
1.105766568000430931e-02
1.105766568000430931e-02
1.105766568000430931e-02
1.105766568000430931e-02
1.105766568000430931e-02
2.197247585381672738e-02
8.004632760113270309e-03
8.004632760113270309e-03
3.266301961760998632e-03
8.004632760113270309e-03
8.004632760113270309e-03
8.004632760113270309e-03
8.004632760113270309e-03
8.004632760113270309e-03
8.004632760113270309e-03
8.004632760113270309e-03
8.004632760113270309e-03
8.004632760113270309e-03
1.422309234198664875e-02
1.081076032055548926e-02
1.081076032055548926e-02
1.081076032055548926e-02
1.081076032055548926e-02
2.040830779677577089e-02
2.040830779677577089e-02
7.973766098626435331e-03
7.973766098626435331e-03
7.973766098626435331e-03
7.973766098626435331e-03
7.973766098626435331e-03
9.793480365926452574e-03
7.973766098626435331e-03
7.973766098626435331e-03
7.973766098626435331e-03
1.422309234198664875e-02
2.296883761549717989e-02
1.605456867294748763e-02
1.605456867294748763e-02
1.605456867294748763e-02
1.605456867294748763e-02
7.662715323926904028e-03
1.968223505889557957e-03
1.968223505889557957e-03
1.968223505889557957e-03
1.968223505889557957e-03
1.968223505889557957e-03
1.968223505889557957e-03
7.016881632505721396e-03
4.145734895623288951e-03
4.145734895623288951e-03
4.145734895623288951e-03
4.145734895623288951e-03
4.145734895623288951e-03
4.145734895623288951e-03
4.145734895623288951e-03
4.145734895623288951e-03
7.029952664464097362e-03
8.941476348497181051e-03
8.941476348497181051e-03
6.442120174924723976e-03
1.765372182680224195e-02
1.765372182680224195e-02
1.765372182680224195e-02
1.765372182680224195e-02
1.765372182680224195e-02
1.765372182680224195e-02
1.765372182680224195e-02
1.765372182680224195e-02
6.586603413854341487e-05
4.999026213415971908e-04
4.999026213415971908e-04
2.017198425011209814e-02
1.254665766835689512e-02
1.276761935880168716e-02
1.276761935880168716e-02
1.276761935880168716e-02
1.442169947116146884e-02
2.707245442941502104e-03
1.185645944282863462e-02
1.450635612820069288e-02
2.707245442941502104e-03
1.135013331353554485e-02
1.898479394871886283e-03
1.898479394871886283e-03
2.296883761549717989e-02
2.467003948437363967e-02
2.467003948437363967e-02
1.464546424522252324e-02
4.952177002270048700e-02
4.952177002270048700e-02
1.082552471043644535e-02
1.684795157264695059e-02
1.684795157264695059e-02
1.028270156870978759e-02
6.586603413854341487e-05
3.091329635203038384e-02
3.091329635203038384e-02
3.091329635203038384e-02
3.091329635203038384e-02
3.091329635203038384e-02
2.958324282401110766e-03
4.851881586320347579e-04
4.851881586320347579e-04
1.559523658612126280e-02
5.268318620720640819e-03
5.268318620720640819e-03
3.767798754736884689e-03
7.029952664464097362e-03
7.029952664464097362e-03
7.029952664464097362e-03
7.598055984608750694e-03
3.767798754736884689e-03
3.767798754736884689e-03
3.767798754736884689e-03
6.763168676693375771e-03
1.559523658612126280e-02
1.559523658612126280e-02
1.559523658612126280e-02
1.559523658612126280e-02
1.559523658612126280e-02
1.559523658612126280e-02
1.559523658612126280e-02
1.559523658612126280e-02
1.559523658612126280e-02
1.559523658612126280e-02
1.559523658612126280e-02
7.016881632505721396e-03
7.016881632505721396e-03
1.749211655504562257e-02
1.618423096317165785e-02
1.618423096317165785e-02
1.618423096317165785e-02
1.618423096317165785e-02
1.618423096317165785e-02
1.618423096317165785e-02
1.618423096317165785e-02
1.618423096317165785e-02
1.028270156870978759e-02
1.028270156870978759e-02
1.028270156870978759e-02
1.028270156870978759e-02
1.028270156870978759e-02
1.028270156870978759e-02
1.028270156870978759e-02
1.028270156870978759e-02
1.644009967501437741e-02
2.273995068632681091e-04
2.273995068632681091e-04
2.273995068632681091e-04
2.273995068632681091e-04
2.273995068632681091e-04
2.273995068632681091e-04
2.273995068632681091e-04
2.273995068632681091e-04
3.266301961760998632e-03
8.551873263723986859e-03
8.551873263723986859e-03
1.082552471043644535e-02
1.082552471043644535e-02
1.082552471043644535e-02
3.178948641775480432e-03
1.363229009641936731e-02
1.276742575009227497e-03
1.276742575009227497e-03
1.276742575009227497e-03
1.276742575009227497e-03
6.442120174924723976e-03
3.869917612102151405e-02
3.869917612102151405e-02
1.363229009641936731e-02
1.363229009641936731e-02
1.363229009641936731e-02
1.363229009641936731e-02
1.363229009641936731e-02
1.363229009641936731e-02
1.982950101462156722e-02
3.163531169759702111e-02
3.163531169759702111e-02
3.163531169759702111e-02
3.163531169759702111e-02
3.163531169759702111e-02
1.254665766835689512e-02
1.254665766835689512e-02
1.093591113398413237e-02
1.093591113398413237e-02
0.000000000000000000e+00
0.000000000000000000e+00
0.000000000000000000e+00
1.541574169701617758e-03
0.000000000000000000e+00
2.378116570873905437e-03
1.135013331353554485e-02
1.135013331353554485e-02
1.135013331353554485e-02
0.000000000000000000e+00
0.000000000000000000e+00
0.000000000000000000e+00
0.000000000000000000e+00
0.000000000000000000e+00
0.000000000000000000e+00
0.000000000000000000e+00
4.723743625325066767e-03
4.723743625325066767e-03
4.723743625325066767e-03
4.723743625325066767e-03
4.723743625325066767e-03
4.723743625325066767e-03
4.723743625325066767e-03
4.723743625325066767e-03
4.723743625325066767e-03
4.723743625325066767e-03
4.723743625325066767e-03
4.723743625325066767e-03
4.723743625325066767e-03
4.723743625325066767e-03
4.723743625325066767e-03
4.723743625325066767e-03
4.723743625325066767e-03
4.723743625325066767e-03
4.723743625325066767e-03
3.627828811965228602e-03
7.041692854762667333e-03
7.041692854762667333e-03
7.041692854762667333e-03
7.041692854762667333e-03
7.041692854762667333e-03
7.041692854762667333e-03
7.041692854762667333e-03
7.041692854762667333e-03
6.963506689638332935e-03
1.062099889326360846e-02
1.062099889326360846e-02
1.062099889326360846e-02
1.062099889326360846e-02
1.062099889326360846e-02
1.062099889326360846e-02
1.062099889326360846e-02
1.062099889326360846e-02
1.062099889326360846e-02
1.062099889326360846e-02
1.062099889326360846e-02
1.062099889326360846e-02
6.132275307733619368e-03
1.488949558952239877e-02
1.488949558952239877e-02
2.296883761549717989e-02
2.296883761549717989e-02
2.296883761549717989e-02
7.662715323926904028e-03
7.662715323926904028e-03
7.662715323926904028e-03
7.662715323926904028e-03
1.464546424522252324e-02
1.464546424522252324e-02
1.464546424522252324e-02
1.464546424522252324e-02
1.464546424522252324e-02
1.464546424522252324e-02
1.464546424522252324e-02
1.464546424522252324e-02
0.000000000000000000e+00
3.206866923180180361e-03
3.206866923180180361e-03
3.206866923180180361e-03
3.206866923180180361e-03
3.206866923180180361e-03
3.206866923180180361e-03
3.206866923180180361e-03
3.206866923180180361e-03
2.378116570873905437e-03
3.697326045247145351e-03
3.697326045247145351e-03
1.541574169701617758e-03
1.541574169701617758e-03
1.541574169701617758e-03
1.541574169701617758e-03
1.541574169701617758e-03
4.730921582048648773e-03
1.882653468950677006e-02
1.882653468950677006e-02
1.882653468950677006e-02
1.882653468950677006e-02
1.882653468950677006e-02
1.882653468950677006e-02
1.882653468950677006e-02
1.882653468950677006e-02
1.882653468950677006e-02
1.882653468950677006e-02
1.450635612820069288e-02
1.450635612820069288e-02
1.450635612820069288e-02
1.450635612820069288e-02
0.000000000000000000e+00
0.000000000000000000e+00
0.000000000000000000e+00
0.000000000000000000e+00
0.000000000000000000e+00
0.000000000000000000e+00
0.000000000000000000e+00
0.000000000000000000e+00
0.000000000000000000e+00
0.000000000000000000e+00
2.197247585381672738e-02
2.197247585381672738e-02
1.644009967501437741e-02
1.644009967501437741e-02
1.644009967501437741e-02
1.644009967501437741e-02
9.355047751810455919e-03
9.355047751810455919e-03
6.442120174924723976e-03
6.132275307733619368e-03
6.132275307733619368e-03
6.132275307733619368e-03
6.132275307733619368e-03
6.132275307733619368e-03
6.132275307733619368e-03
6.132275307733619368e-03
6.132275307733619368e-03
7.815291510527413998e-03
7.815291510527413998e-03
7.815291510527413998e-03
2.035271204956928467e-02
0.000000000000000000e+00
0.000000000000000000e+00
1.982950101462156722e-02
1.982950101462156722e-02
2.958324282401110766e-03
2.204114182572823686e-03
2.204114182572823686e-03
3.627828811965228602e-03
3.627828811965228602e-03
3.627828811965228602e-03
3.627828811965228602e-03
3.627828811965228602e-03
3.627828811965228602e-03
0.000000000000000000e+00
0.000000000000000000e+00
2.958324282401110766e-03
2.958324282401110766e-03
2.958324282401110766e-03
2.958324282401110766e-03
2.958324282401110766e-03
2.958324282401110766e-03
2.958324282401110766e-03
1.192499024056639483e-02
1.192499024056639483e-02
7.598055984608750694e-03
7.598055984608750694e-03
6.763168676693375771e-03
6.763168676693375771e-03
1.822012505732599832e-02
1.822012505732599832e-02
1.822012505732599832e-02
6.963506689638332935e-03
6.963506689638332935e-03
7.831932368791502327e-03
7.831932368791502327e-03
7.831932368791502327e-03
7.831932368791502327e-03
7.831932368791502327e-03
7.831932368791502327e-03
7.831932368791502327e-03
7.831932368791502327e-03
7.831932368791502327e-03
7.831932368791502327e-03
7.831932368791502327e-03
2.035271204956928467e-02
3.223302119783622195e-03
2.658294606090910381e-03
2.658294606090910381e-03
2.658294606090910381e-03
2.658294606090910381e-03
1.899800538775353251e-02
2.170187081808782475e-03
2.170187081808782475e-03
2.170187081808782475e-03
2.170187081808782475e-03
2.170187081808782475e-03
2.170187081808782475e-03
2.378116570873905437e-03
9.793480365926452574e-03
1.749211655504562257e-02
1.749211655504562257e-02
1.749211655504562257e-02
1.749211655504562257e-02
1.749211655504562257e-02
1.749211655504562257e-02
1.899800538775353251e-02
1.899800538775353251e-02
1.899800538775353251e-02
1.899800538775353251e-02
1.899800538775353251e-02
1.899800538775353251e-02
4.730921582048648773e-03
4.730921582048648773e-03
3.223302119783622195e-03
3.223302119783622195e-03
3.223302119783622195e-03
3.223302119783622195e-03
3.223302119783622195e-03
3.223302119783622195e-03
1.173005024632050274e-03
1.173005024632050274e-03
5.450604593402229650e-03
5.450604593402229650e-03
1.442169947116146884e-02
1.442169947116146884e-02
3.178948641775480432e-03
3.178948641775480432e-03
3.178948641775480432e-03
