1.945222434449205701e-02
1.741360112608388282e-03
4.421162507178580392e-02
4.421162507178580392e-02
4.421162507178580392e-02
1.741360112608388282e-03
1.741360112608388282e-03
1.741360112608388282e-03
4.397920363507439902e-03
4.397920363507439902e-03
4.397920363507439902e-03
4.397920363507439902e-03
4.397920363507439902e-03
4.397920363507439902e-03
4.397920363507439902e-03
4.397920363507439902e-03
4.397920363507439902e-03
4.397920363507439902e-03
4.397920363507439902e-03
3.147381588114208512e-02
2.371008908708763588e-03
2.371008908708763588e-03
2.371008908708763588e-03
2.371008908708763588e-03
2.371008908708763588e-03
2.371008908708763588e-03
9.630042172546297852e-02
9.630042172546297852e-02
9.630042172546297852e-02
3.339567773182127580e-02
9.630042172546297852e-02
9.630042172546297852e-02
9.630042172546297852e-02
3.339567773182127580e-02
9.630042172546297852e-02
3.300389487645845072e-03
1.962018440264944995e-03
1.962018440264944995e-03
1.962018440264944995e-03
1.962018440264944995e-03
6.134376490490373555e-03
2.554724782884492187e-02
2.554724782884492187e-02
2.554724782884492187e-02
2.554724782884492187e-02
2.554724782884492187e-02
2.554724782884492187e-02
1.945222434449205701e-02
1.945222434449205701e-02
1.945222434449205701e-02
1.945222434449205701e-02
1.945222434449205701e-02
1.945222434449205701e-02
3.662023106554310008e-03
3.662023106554310008e-03
3.662023106554310008e-03
3.662023106554310008e-03
3.662023106554310008e-03
3.662023106554310008e-03
3.662023106554310008e-03
3.662023106554310008e-03
3.662023106554310008e-03
3.662023106554310008e-03
3.662023106554310008e-03
6.226189764486830640e-03
1.467776050310202855e-02
1.467776050310202855e-02
1.467776050310202855e-02
1.467776050310202855e-02
1.467776050310202855e-02
1.467776050310202855e-02
1.467776050310202855e-02
1.467776050310202855e-02
1.467776050310202855e-02
1.467776050310202855e-02
1.500769967065554607e-02
1.500769967065554607e-02
1.500769967065554607e-02
1.500769967065554607e-02
1.500769967065554607e-02
1.500769967065554607e-02
1.500769967065554607e-02
1.500769967065554607e-02
1.500769967065554607e-02
1.500769967065554607e-02
1.500769967065554607e-02
1.500769967065554607e-02
1.500769967065554607e-02
1.500769967065554607e-02
1.500769967065554607e-02
3.339567773182127580e-02
3.339567773182127580e-02
3.339567773182127580e-02
6.226189764486830640e-03
6.226189764486830640e-03
1.163483682205982122e-03
4.544313117882438531e-03
4.544313117882438531e-03
4.544313117882438531e-03
4.544313117882438531e-03
7.239436291614463614e-03
7.239436291614463614e-03
7.239436291614463614e-03
7.239436291614463614e-03
7.239436291614463614e-03
7.239436291614463614e-03
7.239436291614463614e-03
7.239436291614463614e-03
7.239436291614463614e-03
7.239436291614463614e-03
7.239436291614463614e-03
7.239436291614463614e-03
7.239436291614463614e-03
7.239436291614463614e-03
7.239436291614463614e-03
1.067484366692101477e-02
1.163483682205982122e-03
1.163483682205982122e-03
1.163483682205982122e-03
1.163483682205982122e-03
1.163483682205982122e-03
1.163483682205982122e-03
1.163483682205982122e-03
3.300389487645845072e-03
3.300389487645845072e-03
3.300389487645845072e-03
3.300389487645845072e-03
3.300389487645845072e-03
3.300389487645845072e-03
3.147381588114208512e-02
3.147381588114208512e-02
3.147381588114208512e-02
3.147381588114208512e-02
6.134376490490373555e-03
6.134376490490373555e-03
6.134376490490373555e-03
6.134376490490373555e-03
1.067484366692101477e-02
1.067484366692101477e-02
