5.160256165245265605e-03
5.160256165245265605e-03
5.160256165245265605e-03
1.557526083506478864e-02
5.160256165245265605e-03
5.160256165245265605e-03
5.160256165245265605e-03
5.160256165245265605e-03
5.160256165245265605e-03
5.160256165245265605e-03
5.160256165245265605e-03
1.557526083506478864e-02
0.000000000000000000e+00
0.000000000000000000e+00
0.000000000000000000e+00
0.000000000000000000e+00
0.000000000000000000e+00
0.000000000000000000e+00
0.000000000000000000e+00
0.000000000000000000e+00
0.000000000000000000e+00
2.659655144645322981e-03
1.405916651267322300e-02
1.405916651267322300e-02
1.515508095997940806e-02
5.881619847027513490e-03
5.881619847027513490e-03
6.445480882562057250e-04
0.000000000000000000e+00
0.000000000000000000e+00
0.000000000000000000e+00
0.000000000000000000e+00
8.177363994322180141e-03
8.171520776055062052e-03
8.171520776055062052e-03
2.992320855952414205e-02
4.849133508836854858e-03
4.849133508836854858e-03
4.849133508836854858e-03
4.849133508836854858e-03
4.849133508836854858e-03
4.849133508836854858e-03
6.143167633063176258e-03
2.579558311007658020e-02
2.579558311007658020e-02
6.445480882562057250e-04
6.445480882562057250e-04
6.445480882562057250e-04
6.445480882562057250e-04
6.445480882562057250e-04
6.445480882562057250e-04
6.445480882562057250e-04
6.445480882562057250e-04
1.174841956151508569e-02
7.281396229713353249e-03
7.281396229713353249e-03
7.281396229713353249e-03
7.281396229713353249e-03
2.659655144645322981e-03
8.177363994322180141e-03
8.177363994322180141e-03
8.177363994322180141e-03
1.174841956151508569e-02
2.570053317748856314e-02
2.570053317748856314e-02
1.122323208687627839e-02
2.063841260363582369e-02
2.063841260363582369e-02
2.063841260363582369e-02
2.063841260363582369e-02
8.172539783362693655e-03
7.104703931783902179e-03
7.104703931783902179e-03
7.104703931783902179e-03
7.104703931783902179e-03
6.138345359756801518e-03
6.143167633063176258e-03
6.143167633063176258e-03
6.143167633063176258e-03
6.143167633063176258e-03
6.143167633063176258e-03
1.174841956151508569e-02
1.174841956151508569e-02
1.174841956151508569e-02
5.790865471287599299e-03
1.413804337181678167e-02
1.413804337181678167e-02
2.659655144645322981e-03
2.236081675933775798e-02
5.091314541877082697e-03
1.810554706539904950e-03
1.810554706539904950e-03
1.810554706539904950e-03
5.091314541877082697e-03
5.091314541877082697e-03
1.024807729775651689e-02
1.285298249743079338e-02
1.285298249743079338e-02
1.285298249743079338e-02
1.285298249743079338e-02
6.432213979070509555e-03
6.432213979070509555e-03
6.432213979070509555e-03
6.432213979070509555e-03
6.432213979070509555e-03
6.432213979070509555e-03
6.432213979070509555e-03
6.432213979070509555e-03
6.432213979070509555e-03
6.432213979070509555e-03
6.432213979070509555e-03
1.621570891654986260e-02
8.514646063554228567e-03
8.514646063554228567e-03
5.176248522867778201e-03
8.514646063554228567e-03
8.514646063554228567e-03
8.514646063554228567e-03
8.514646063554228567e-03
8.514646063554228567e-03
2.536733977875978152e-02
1.348345314853485744e-02
1.348345314853485744e-02
1.348345314853485744e-02
1.348345314853485744e-02
1.348345314853485744e-02
1.348345314853485744e-02
1.240846972182552870e-03
1.240846972182552870e-03
1.240846972182552870e-03
1.240846972182552870e-03
1.240846972182552870e-03
1.240846972182552870e-03
1.240846972182552870e-03
1.240846972182552870e-03
1.240846972182552870e-03
1.240846972182552870e-03
1.240846972182552870e-03
5.623462802517788413e-03
1.425593939301370190e-02
1.425593939301370190e-02
3.043868330696665458e-02
2.670369844956541061e-02
2.670369844956541061e-02
2.670369844956541061e-02
2.670369844956541061e-02
2.670369844956541061e-02
2.670369844956541061e-02
2.670369844956541061e-02
2.670369844956541061e-02
1.474326960890393577e-02
5.656984071145363356e-03
5.656984071145363356e-03
3.399046941764702974e-04
5.656984071145363356e-03
5.656984071145363356e-03
5.656984071145363356e-03
5.656984071145363356e-03
5.656984071145363356e-03
1.333197447336588112e-02
1.333197447336588112e-02
1.333197447336588112e-02
1.333197447336588112e-02
1.333197447336588112e-02
1.333197447336588112e-02
1.333197447336588112e-02
1.333197447336588112e-02
1.333197447336588112e-02
1.333197447336588112e-02
1.333197447336588112e-02
1.313717931324499995e-02
1.313717931324499995e-02
1.313717931324499995e-02
1.313717931324499995e-02
1.313717931324499995e-02
1.313717931324499995e-02
1.313717931324499995e-02
1.313717931324499995e-02
1.313717931324499995e-02
1.313717931324499995e-02
1.313717931324499995e-02
1.088057165859293920e-02
1.088057165859293920e-02
1.088057165859293920e-02
3.067930735328956975e-03
1.088057165859293920e-02
1.088057165859293920e-02
1.088057165859293920e-02
1.088057165859293920e-02
1.088057165859293920e-02
2.128059926867634580e-02
8.192424395283627245e-03
8.192424395283627245e-03
2.200151644856493307e-03
2.200151644856493307e-03
2.200151644856493307e-03
2.200151644856493307e-03
2.200151644856493307e-03
2.200151644856493307e-03
2.200151644856493307e-03
2.200151644856493307e-03
2.200151644856493307e-03
2.200151644856493307e-03
2.200151644856493307e-03
5.316150356562814386e-03
9.205270370803388851e-04
9.205270370803388851e-04
6.690473162898263187e-03
1.217365770803166200e-02
1.217365770803166200e-02
1.217365770803166200e-02
1.217365770803166200e-02
1.217365770803166200e-02
1.217365770803166200e-02
1.217365770803166200e-02
1.217365770803166200e-02
0.000000000000000000e+00
0.000000000000000000e+00
0.000000000000000000e+00
0.000000000000000000e+00
0.000000000000000000e+00
0.000000000000000000e+00
0.000000000000000000e+00
0.000000000000000000e+00
0.000000000000000000e+00
0.000000000000000000e+00
0.000000000000000000e+00
1.474326960890393577e-02
1.474326960890393577e-02
0.000000000000000000e+00
0.000000000000000000e+00
5.316150356562814386e-03
5.316150356562814386e-03
5.316150356562814386e-03
5.316150356562814386e-03
5.316150356562814386e-03
5.316150356562814386e-03
5.316150356562814386e-03
5.316150356562814386e-03
5.316150356562814386e-03
5.316150356562814386e-03
2.579170116307183749e-02
2.536733977875978152e-02
2.536733977875978152e-02
2.536733977875978152e-02
1.050755028905897906e-02
8.109234784176997529e-03
8.109234784176997529e-03
8.109234784176997529e-03
8.109234784176997529e-03
8.109234784176997529e-03
8.109234784176997529e-03
4.012109781956282742e-04
3.971778744977245285e-03
3.971778744977245285e-03
3.971778744977245285e-03
3.971778744977245285e-03
3.971778744977245285e-03
3.971778744977245285e-03
3.971778744977245285e-03
3.971778744977245285e-03
3.971778744977245285e-03
3.971778744977245285e-03
1.113969373802061597e-02
1.113969373802061597e-02
1.113969373802061597e-02
1.113969373802061597e-02
1.113969373802061597e-02
1.113969373802061597e-02
1.113969373802061597e-02
1.113969373802061597e-02
1.113969373802061597e-02
1.113969373802061597e-02
1.113969373802061597e-02
5.380174591321468247e-02
1.272415662247926814e-02
1.272415662247926814e-02
1.272415662247926814e-02
1.272415662247926814e-02
1.334739144101801910e-02
1.339748570434796081e-02
1.339748570434796081e-02
1.339748570434796081e-02
1.339748570434796081e-02
1.339748570434796081e-02
1.339748570434796081e-02
1.339748570434796081e-02
1.339748570434796081e-02
3.270404614848877040e-02
2.034886672784562422e-02
2.034886672784562422e-02
2.034886672784562422e-02
2.034886672784562422e-02
2.034886672784562422e-02
2.034886672784562422e-02
2.034886672784562422e-02
2.034886672784562422e-02
2.196883421109503774e-03
3.630542038526658483e-03
4.448810635728018929e-03
3.630542038526658483e-03
3.630542038526658483e-03
3.630542038526658483e-03
3.630542038526658483e-03
3.630542038526658483e-03
3.630542038526658483e-03
1.919525567740619151e-02
2.992320855952414205e-02
5.680981010966818477e-03
0.000000000000000000e+00
0.000000000000000000e+00
0.000000000000000000e+00
0.000000000000000000e+00
0.000000000000000000e+00
0.000000000000000000e+00
4.883464554526888504e-03
4.883464554526888504e-03
4.883464554526888504e-03
4.883464554526888504e-03
4.883464554526888504e-03
4.883464554526888504e-03
4.883464554526888504e-03
4.883464554526888504e-03
4.883464554526888504e-03
4.883464554526888504e-03
4.883464554526888504e-03
1.722225371723495879e-02
1.722225371723495879e-02
1.722225371723495879e-02
1.722225371723495879e-02
1.722225371723495879e-02
1.722225371723495879e-02
1.722225371723495879e-02
1.722225371723495879e-02
1.722225371723495879e-02
1.722225371723495879e-02
1.722225371723495879e-02
1.722225371723495879e-02
1.722225371723495879e-02
2.580926436566073536e-03
2.580926436566073536e-03
2.580926436566073536e-03
2.072338658348281230e-03
2.580926436566073536e-03
2.580926436566073536e-03
2.580926436566073536e-03
3.249461839101414756e-02
1.483365504276458816e-02
1.483365504276458816e-02
1.483365504276458816e-02
1.483365504276458816e-02
1.483365504276458816e-02
1.483365504276458816e-02
3.399046941764702974e-04
3.399046941764702974e-04
1.334739144101801910e-02
1.334739144101801910e-02
1.414060177287330099e-02
2.830816142853278400e-02
2.830816142853278400e-02
2.830816142853278400e-02
2.830816142853278400e-02
2.830816142853278400e-02
2.830816142853278400e-02
2.830816142853278400e-02
2.830816142853278400e-02
1.106326317906376928e-02
9.827374309469559185e-03
5.623462802517788413e-03
5.623462802517788413e-03
9.827374309469559185e-03
5.176248522867778201e-03
8.172539783362693655e-03
8.172539783362693655e-03
8.172539783362693655e-03
8.172539783362693655e-03
8.172539783362693655e-03
8.172539783362693655e-03
8.172539783362693655e-03
8.172539783362693655e-03
8.172539783362693655e-03
8.172539783362693655e-03
2.186257778196512569e-02
2.136403753758182519e-02
2.136403753758182519e-02
3.270404614848877040e-02
3.270404614848877040e-02
3.271161165840979156e-04
2.435593327443874752e-03
2.435593327443874752e-03
2.435593327443874752e-03
2.435593327443874752e-03
2.435593327443874752e-03
2.435593327443874752e-03
2.435593327443874752e-03
2.435593327443874752e-03
3.353239266604494603e-03
8.900982955379090067e-03
8.900982955379090067e-03
8.900982955379090067e-03
8.900982955379090067e-03
8.900982955379090067e-03
8.900982955379090067e-03
8.900982955379090067e-03
8.900982955379090067e-03
3.353239266604494603e-03
9.799121023435081179e-03
9.799121023435081179e-03
9.799121023435081179e-03
9.799121023435081179e-03
1.947164359608106327e-02
1.757455809423968951e-02
1.757455809423968951e-02
1.710642669949596559e-02
3.043868330696665458e-02
6.490567047858608607e-03
2.196883421109503774e-03
2.196883421109503774e-03
2.196883421109503774e-03
2.182436667285814549e-02
7.538818055770089149e-03
7.538818055770089149e-03
1.101502047898698933e-02
1.191046549886388799e-02
1.191046549886388799e-02
1.191046549886388799e-02
1.191046549886388799e-02
1.191046549886388799e-02
1.191046549886388799e-02
1.191046549886388799e-02
1.191046549886388799e-02
5.680981010966818477e-03
5.680981010966818477e-03
5.680981010966818477e-03
5.680981010966818477e-03
5.680981010966818477e-03
5.680981010966818477e-03
0.000000000000000000e+00
1.710642669949596559e-02
1.943031746306625798e-02
1.704859892800909132e-03
1.704859892800909132e-03
1.704859892800909132e-03
1.704859892800909132e-03
1.704859892800909132e-03
1.704859892800909132e-03
1.704859892800909132e-03
1.704859892800909132e-03
2.236081675933775798e-02
2.236081675933775798e-02
2.236081675933775798e-02
2.236081675933775798e-02
1.811472277487594096e-02
7.443904105598698508e-03
7.443904105598698508e-03
8.467359764272019626e-03
1.947164359608106327e-02
1.879071104113471270e-03
1.947164359608106327e-02
1.947164359608106327e-02
2.072338658348281230e-03
7.206684409025607314e-03
7.206684409025607314e-03
3.350011892069529318e-03
6.490567047858608607e-03
6.490567047858608607e-03
6.490567047858608607e-03
1.003110609803904534e-02
6.216599953531067209e-03
6.216599953531067209e-03
6.216599953531067209e-03
6.216599953531067209e-03
1.834754728134785351e-02
1.834754728134785351e-02
1.834754728134785351e-02
1.834754728134785351e-02
1.834754728134785351e-02
1.834754728134785351e-02
1.834754728134785351e-02
1.834754728134785351e-02
1.834754728134785351e-02
1.834754728134785351e-02
1.834754728134785351e-02
4.012109781956282742e-04
1.037885511618737676e-02
1.037885511618737676e-02
2.337608662863483941e-02
2.607648587238416832e-02
2.607648587238416832e-02
2.607648587238416832e-02
2.607648587238416832e-02
2.607648587238416832e-02
2.607648587238416832e-02
2.607648587238416832e-02
2.607648587238416832e-02
3.353239266604494603e-03
1.516667517193640707e-02
2.182436667285814549e-02
2.182436667285814549e-02
2.182436667285814549e-02
1.201939502282610948e-02
1.585650151675423386e-03
1.585650151675423386e-03
5.380174591321468247e-02
5.380174591321468247e-02
5.380174591321468247e-02
5.380174591321468247e-02
5.380174591321468247e-02
5.380174591321468247e-02
6.138345359756801518e-03
6.138345359756801518e-03
3.350011892069529318e-03
3.350011892069529318e-03
1.564339293722107407e-02
1.201939502282610948e-02
1.201939502282610948e-02
1.201939502282610948e-02
0.000000000000000000e+00
0.000000000000000000e+00
2.186257778196512569e-02
2.186257778196512569e-02
2.186257778196512569e-02
2.186257778196512569e-02
2.186257778196512569e-02
2.186257778196512569e-02
2.186257778196512569e-02
2.186257778196512569e-02
8.851577136774669077e-03
6.000025458247335887e-03
6.000025458247335887e-03
6.000025458247335887e-03
6.000025458247335887e-03
6.000025458247335887e-03
6.000025458247335887e-03
6.000025458247335887e-03
6.000025458247335887e-03
9.424349380637193907e-03
1.122323208687627839e-02
1.122323208687627839e-02
1.122323208687627839e-02
1.516667517193640707e-02
1.516667517193640707e-02
1.516667517193640707e-02
1.516667517193640707e-02
1.621570891654986260e-02
1.621570891654986260e-02
1.621570891654986260e-02
1.621570891654986260e-02
0.000000000000000000e+00
0.000000000000000000e+00
0.000000000000000000e+00
0.000000000000000000e+00
0.000000000000000000e+00
0.000000000000000000e+00
0.000000000000000000e+00
0.000000000000000000e+00
0.000000000000000000e+00
0.000000000000000000e+00
0.000000000000000000e+00
0.000000000000000000e+00
0.000000000000000000e+00
8.467359764272019626e-03
8.467359764272019626e-03
1.024807729775651689e-02
1.024807729775651689e-02
1.024807729775651689e-02
1.024807729775651689e-02
1.024807729775651689e-02
1.024807729775651689e-02
4.183450615025971139e-03
1.349362072082354105e-02
1.349362072082354105e-02
1.123829539432743239e-02
1.349362072082354105e-02
1.003110609803904534e-02
1.299618613034216746e-02
1.299618613034216746e-02
1.299618613034216746e-02
1.299618613034216746e-02
5.367578126237766353e-03
1.257781534191515331e-02
1.257781534191515331e-02
1.257781534191515331e-02
1.257781534191515331e-02
1.257781534191515331e-02
1.257781534191515331e-02
1.003110609803904534e-02
8.851577136774669077e-03
8.851577136774669077e-03
3.271161165840979156e-04
3.271161165840979156e-04
9.970208375415810786e-03
1.578451910632041461e-02
1.578451910632041461e-02
1.578451910632041461e-02
1.578451910632041461e-02
1.578451910632041461e-02
1.578451910632041461e-02
1.578451910632041461e-02
1.578451910632041461e-02
2.111046565685136683e-02
1.613371097283592195e-02
1.613371097283592195e-02
2.128059926867634580e-02
6.531451065676096039e-04
6.531451065676096039e-04
5.223555074499756576e-03
1.105486045811065153e-02
1.105486045811065153e-02
1.105486045811065153e-02
1.105486045811065153e-02
1.251806466941098039e-02
1.282655259163634556e-02
1.282655259163634556e-02
1.173355876422168577e-02
1.378091927145032834e-02
1.378091927145032834e-02
5.790865471287599299e-03
5.790865471287599299e-03
5.790865471287599299e-03
1.273666483844430354e-02
5.790865471287599299e-03
5.790865471287599299e-03
5.790865471287599299e-03
5.790865471287599299e-03
1.173355876422168577e-02
1.811472277487594096e-02
1.811472277487594096e-02
1.811472277487594096e-02
1.173355876422168577e-02
1.101502047898698933e-02
1.101502047898698933e-02
3.067930735328956975e-03
3.522058954318745341e-03
3.522058954318745341e-03
2.128059926867634580e-02
2.128059926867634580e-02
2.128059926867634580e-02
2.128059926867634580e-02
2.128059926867634580e-02
1.414060177287330099e-02
1.414060177287330099e-02
3.067930735328956975e-03
3.067930735328956975e-03
1.515508095997940806e-02
5.150243530187544570e-03
6.953563163154119833e-03
6.953563163154119833e-03
6.953563163154119833e-03
5.150243530187544570e-03
1.515508095997940806e-02
1.943031746306625798e-02
1.943031746306625798e-02
3.249461839101414756e-02
3.249461839101414756e-02
3.249461839101414756e-02
3.249461839101414756e-02
3.249461839101414756e-02
3.249461839101414756e-02
5.223555074499756576e-03
5.223555074499756576e-03
5.223555074499756576e-03
5.223555074499756576e-03
5.223555074499756576e-03
5.223555074499756576e-03
4.183450615025971139e-03
4.183450615025971139e-03
4.183450615025971139e-03
4.183450615025971139e-03
6.690473162898263187e-03
6.690473162898263187e-03
1.564339293722107407e-02
1.564339293722107407e-02
1.564339293722107407e-02
1.564339293722107407e-02
9.970208375415810786e-03
9.970208375415810786e-03
9.970208375415810786e-03
9.970208375415810786e-03
1.273666483844430354e-02
9.424349380637193907e-03
9.424349380637193907e-03
5.367578126237766353e-03
5.367578126237766353e-03
5.367578126237766353e-03
5.367578126237766353e-03
2.337608662863483941e-02
2.337608662863483941e-02
1.050755028905897906e-02
1.050755028905897906e-02
1.050755028905897906e-02
1.050755028905897906e-02
2.579170116307183749e-02
2.579170116307183749e-02
1.106326317906376928e-02
1.106326317906376928e-02
1.123829539432743239e-02
2.111046565685136683e-02
2.111046565685136683e-02
