5.343071606074797572e-03
2.966835975332697984e-03
2.966835975332697984e-03
1.185957133579010770e-03
2.967060691348208032e-02
2.967060691348208032e-02
4.289689718810519962e-03
4.289689718810519962e-03
4.289689718810519962e-03
4.289689718810519962e-03
4.289689718810519962e-03
4.289689718810519962e-03
4.289689718810519962e-03
4.289689718810519962e-03
4.289689718810519962e-03
4.289689718810519962e-03
4.289689718810519962e-03
1.185957133579010770e-03
1.185957133579010770e-03
1.185957133579010770e-03
1.185957133579010770e-03
1.185957133579010770e-03
1.185957133579010770e-03
1.185957133579010770e-03
1.185957133579010770e-03
1.185957133579010770e-03
1.185957133579010770e-03
1.185957133579010770e-03
1.185957133579010770e-03
1.185957133579010770e-03
1.185957133579010770e-03
1.185957133579010770e-03
1.185957133579010770e-03
1.785475365527581723e-02
2.817079919934527971e-02
2.817079919934527971e-02
2.817079919934527971e-02
2.817079919934527971e-02
2.817079919934527971e-02
2.817079919934527971e-02
2.285883721937147922e-02
2.286965808438893438e-02
2.286965808438893438e-02
2.286965808438893438e-02
2.286965808438893438e-02
3.854400578372662277e-03
3.854400578372662277e-03
3.854400578372662277e-03
3.854400578372662277e-03
3.854400578372662277e-03
3.854400578372662277e-03
3.854400578372662277e-03
3.854400578372662277e-03
3.854400578372662277e-03
3.854400578372662277e-03
3.854400578372662277e-03
3.854400578372662277e-03
3.854400578372662277e-03
2.091888319556044207e-02
1.785475365527581723e-02
2.091888319556044207e-02
0.000000000000000000e+00
1.070521186524036987e-02
1.070521186524036987e-02
1.070521186524036987e-02
1.070521186524036987e-02
1.070521186524036987e-02
1.070521186524036987e-02
1.070521186524036987e-02
1.070521186524036987e-02
1.070521186524036987e-02
1.070521186524036987e-02
3.975287640289296154e-02
3.247232540994694078e-02
3.247232540994694078e-02
3.597831621416347492e-02
2.147942189292301879e-02
2.147942189292301879e-02
2.147942189292301879e-02
2.147942189292301879e-02
2.147942189292301879e-02
2.147942189292301879e-02
2.147942189292301879e-02
2.147942189292301879e-02
1.969939485662515130e-02
3.069777375787709553e-02
3.069777375787709553e-02
3.069777375787709553e-02
3.069777375787709553e-02
3.069777375787709553e-02
3.069777375787709553e-02
1.962405115035604705e-02
1.962405115035604705e-02
1.962405115035604705e-02
1.962405115035604705e-02
1.962405115035604705e-02
1.962405115035604705e-02
1.962405115035604705e-02
1.962405115035604705e-02
1.962405115035604705e-02
1.962405115035604705e-02
1.962405115035604705e-02
2.445035962061889922e-04
2.445035962061889922e-04
2.445035962061889922e-04
2.445035962061889922e-04
2.445035962061889922e-04
2.445035962061889922e-04
2.445035962061889922e-04
2.445035962061889922e-04
2.445035962061889922e-04
2.445035962061889922e-04
2.445035962061889922e-04
1.580026353402762956e-02
1.580026353402762956e-02
1.580026353402762956e-02
1.580026353402762956e-02
1.580026353402762956e-02
1.580026353402762956e-02
1.580026353402762956e-02
1.580026353402762956e-02
1.580026353402762956e-02
1.580026353402762956e-02
1.580026353402762956e-02
6.403054455507489404e-03
6.403054455507489404e-03
6.403054455507489404e-03
6.403054455507489404e-03
6.403054455507489404e-03
6.403054455507489404e-03
6.403054455507489404e-03
6.403054455507489404e-03
6.403054455507489404e-03
6.403054455507489404e-03
6.403054455507489404e-03
8.520477065609918799e-03
2.086747408930232466e-03
2.086747408930232466e-03
8.520477065609918799e-03
1.604392838403460864e-02
1.604392838403460864e-02
1.604392838403460864e-02
1.604392838403460864e-02
1.604392838403460864e-02
1.604392838403460864e-02
1.604392838403460864e-02
1.604392838403460864e-02
2.163490793477082508e-02
6.613404175862356606e-03
6.613404175862356606e-03
6.613404175862356606e-03
6.613404175862356606e-03
6.613404175862356606e-03
6.613404175862356606e-03
6.613404175862356606e-03
6.613404175862356606e-03
8.625132863304641948e-03
1.452568575357005530e-02
1.452568575357005530e-02
8.782060812122826840e-03
8.782060812122826840e-03
8.782060812122826840e-03
8.782060812122826840e-03
8.782060812122826840e-03
8.782060812122826840e-03
8.782060812122826840e-03
8.782060812122826840e-03
8.782060812122826840e-03
8.782060812122826840e-03
8.782060812122826840e-03
8.782060812122826840e-03
8.782060812122826840e-03
8.782060812122826840e-03
8.782060812122826840e-03
8.782060812122826840e-03
8.782060812122826840e-03
8.782060812122826840e-03
8.782060812122826840e-03
8.782060812122826840e-03
8.782060812122826840e-03
8.782060812122826840e-03
8.782060812122826840e-03
8.782060812122826840e-03
8.782060812122826840e-03
8.782060812122826840e-03
8.782060812122826840e-03
0.000000000000000000e+00
0.000000000000000000e+00
0.000000000000000000e+00
0.000000000000000000e+00
0.000000000000000000e+00
0.000000000000000000e+00
0.000000000000000000e+00
0.000000000000000000e+00
0.000000000000000000e+00
0.000000000000000000e+00
0.000000000000000000e+00
0.000000000000000000e+00
1.861576032292628843e-02
9.567537951915281932e-03
9.567537951915281932e-03
9.567537951915281932e-03
9.567537951915281932e-03
9.567537951915281932e-03
9.567537951915281932e-03
9.567537951915281932e-03
9.567537951915281932e-03
1.061519397581259933e-02
2.231362614804570290e-03
2.231362614804570290e-03
2.231362614804570290e-03
2.231362614804570290e-03
2.231362614804570290e-03
2.231362614804570290e-03
2.812195017674557276e-02
2.812195017674557276e-02
2.812195017674557276e-02
2.812195017674557276e-02
2.812195017674557276e-02
2.812195017674557276e-02
2.812195017674557276e-02
2.812195017674557276e-02
2.812195017674557276e-02
2.812195017674557276e-02
2.812195017674557276e-02
2.812195017674557276e-02
2.812195017674557276e-02
2.812195017674557276e-02
2.812195017674557276e-02
2.045603939535958066e-02
1.917374868294467391e-02
1.917374868294467391e-02
1.596891092589387828e-02
1.596891092589387828e-02
1.596891092589387828e-02
1.596891092589387828e-02
1.596891092589387828e-02
1.596891092589387828e-02
1.596891092589387828e-02
1.596891092589387828e-02
1.596891092589387828e-02
1.596891092589387828e-02
1.596891092589387828e-02
1.596891092589387828e-02
1.596891092589387828e-02
1.596891092589387828e-02
1.596891092589387828e-02
1.596891092589387828e-02
1.596891092589387828e-02
1.901700098491668212e-02
2.057570254466007525e-02
2.057570254466007525e-02
8.223159405360020574e-03
5.121940490917280958e-03
5.121940490917280958e-03
5.121940490917280958e-03
5.121940490917280958e-03
1.901700098491668212e-02
1.901700098491668212e-02
1.901700098491668212e-02
1.901700098491668212e-02
1.901700098491668212e-02
1.901700098491668212e-02
1.901700098491668212e-02
1.901700098491668212e-02
1.901700098491668212e-02
1.901700098491668212e-02
6.982167883985558425e-03
2.772852128823646151e-02
6.982167883985558425e-03
6.982167883985558425e-03
6.982167883985558425e-03
6.982167883985558425e-03
6.982167883985558425e-03
6.982167883985558425e-03
6.982167883985558425e-03
6.982167883985558425e-03
6.982167883985558425e-03
2.772852128823646151e-02
1.013406954275316164e-04
1.013406954275316164e-04
1.013406954275316164e-04
1.013406954275316164e-04
1.013406954275316164e-04
1.013406954275316164e-04
1.013406954275316164e-04
1.013406954275316164e-04
1.013406954275316164e-04
1.013406954275316164e-04
1.013406954275316164e-04
8.223159405360020574e-03
8.223159405360020574e-03
8.223159405360020574e-03
8.223159405360020574e-03
8.223159405360020574e-03
8.223159405360020574e-03
3.576839299014601681e-02
1.320624103311564441e-02
1.320624103311564441e-02
4.535105326645484311e-03
4.180267574973648217e-03
4.180267574973648217e-03
4.180267574973648217e-03
4.180267574973648217e-03
4.180267574973648217e-03
4.180267574973648217e-03
3.576839299014601681e-02
3.576839299014601681e-02
3.576839299014601681e-02
3.576839299014601681e-02
3.576839299014601681e-02
3.576839299014601681e-02
3.576839299014601681e-02
3.576839299014601681e-02
3.576839299014601681e-02
3.576839299014601681e-02
3.643953003031574246e-03
8.880950160601393598e-03
8.880950160601393598e-03
8.880950160601393598e-03
8.880950160601393598e-03
8.880950160601393598e-03
8.880950160601393598e-03
2.848812831122170611e-02
1.799300900318964377e-02
1.799300900318964377e-02
1.799300900318964377e-02
1.799300900318964377e-02
1.799300900318964377e-02
1.799300900318964377e-02
1.714641489292597493e-02
0.000000000000000000e+00
0.000000000000000000e+00
1.342135837384640477e-02
2.053123559614279409e-03
2.053123559614279409e-03
2.053123559614279409e-03
2.053123559614279409e-03
2.053123559614279409e-03
2.053123559614279409e-03
2.053123559614279409e-03
2.053123559614279409e-03
2.053123559614279409e-03
2.053123559614279409e-03
1.335986647680884563e-02
1.640856166166661245e-02
1.640856166166661245e-02
1.714641489292597493e-02
1.714641489292597493e-02
1.714641489292597493e-02
1.714641489292597493e-02
1.714641489292597493e-02
1.714641489292597493e-02
1.714641489292597493e-02
1.714641489292597493e-02
1.714641489292597493e-02
1.714641489292597493e-02
1.335986647680884563e-02
1.799222471580957071e-03
1.799222471580957071e-03
1.799222471580957071e-03
1.799222471580957071e-03
1.799222471580957071e-03
1.799222471580957071e-03
1.799222471580957071e-03
1.799222471580957071e-03
2.050740492705427354e-02
4.924978309347070524e-03
4.924978309347070524e-03
4.924978309347070524e-03
4.924978309347070524e-03
8.939515619806062902e-04
8.939515619806062902e-04
8.939515619806062902e-04
8.939515619806062902e-04
8.939515619806062902e-04
8.939515619806062902e-04
8.939515619806062902e-04
8.939515619806062902e-04
8.939515619806062902e-04
8.939515619806062902e-04
8.939515619806062902e-04
8.939515619806062902e-04
8.939515619806062902e-04
8.939515619806062902e-04
8.939515619806062902e-04
1.489567382340882713e-02
4.497738240204441663e-03
4.497738240204441663e-03
4.497738240204441663e-03
4.497738240204441663e-03
4.497738240204441663e-03
4.497738240204441663e-03
4.497738240204441663e-03
4.497738240204441663e-03
4.025316828815145298e-02
4.025316828815145298e-02
4.025316828815145298e-02
4.025316828815145298e-02
4.025316828815145298e-02
4.025316828815145298e-02
4.025316828815145298e-02
4.025316828815145298e-02
4.025316828815145298e-02
4.025316828815145298e-02
4.025316828815145298e-02
1.030348687205247769e-02
8.840659552067222510e-03
8.840659552067222510e-03
8.840659552067222510e-03
8.840659552067222510e-03
8.840659552067222510e-03
8.840659552067222510e-03
8.840659552067222510e-03
8.840659552067222510e-03
4.276934697371394256e-02
4.276934697371394256e-02
4.276934697371394256e-02
4.276934697371394256e-02
4.276934697371394256e-02
4.276934697371394256e-02
4.276934697371394256e-02
4.276934697371394256e-02
4.276934697371394256e-02
4.276934697371394256e-02
4.276934697371394256e-02
0.000000000000000000e+00
6.284511601700081690e-03
6.284511601700081690e-03
6.284511601700081690e-03
6.284511601700081690e-03
6.284511601700081690e-03
6.284511601700081690e-03
0.000000000000000000e+00
1.351625427299734360e-02
1.351625427299734360e-02
1.351625427299734360e-02
1.351625427299734360e-02
0.000000000000000000e+00
0.000000000000000000e+00
0.000000000000000000e+00
0.000000000000000000e+00
2.896732392848010498e-02
3.490167495628673788e-02
3.490167495628673788e-02
0.000000000000000000e+00
0.000000000000000000e+00
0.000000000000000000e+00
0.000000000000000000e+00
0.000000000000000000e+00
2.726800069991847531e-03
4.636808594926502235e-03
4.636808594926502235e-03
4.636808594926502235e-03
4.636808594926502235e-03
4.636808594926502235e-03
4.636808594926502235e-03
4.636808594926502235e-03
4.636808594926502235e-03
4.636808594926502235e-03
4.636808594926502235e-03
4.636808594926502235e-03
4.636808594926502235e-03
4.636808594926502235e-03
4.636808594926502235e-03
4.636808594926502235e-03
4.636808594926502235e-03
4.636808594926502235e-03
4.636808594926502235e-03
2.896732392848010498e-02
2.283655233401142223e-02
2.283655233401142223e-02
1.489567382340882713e-02
1.543099493912414256e-03
1.543099493912414256e-03
1.030348687205247769e-02
1.030348687205247769e-02
1.118258980014695363e-02
9.736613599143619999e-03
9.736613599143619999e-03
1.631772738555538338e-02
7.105481841756950030e-03
7.105481841756950030e-03
1.498971186705618311e-02
7.105481841756950030e-03
7.105481841756950030e-03
7.105481841756950030e-03
4.535231410133041055e-03
1.118258980014695363e-02
1.118258980014695363e-02
1.118258980014695363e-02
1.118258980014695363e-02
1.118258980014695363e-02
1.631772738555538338e-02
1.631772738555538338e-02
4.535231410133041055e-03
4.535231410133041055e-03
4.535231410133041055e-03
4.535231410133041055e-03
2.855285445203335510e-03
2.601463907190260452e-02
2.601463907190260452e-02
2.601463907190260452e-02
2.601463907190260452e-02
2.601463907190260452e-02
2.601463907190260452e-02
1.328887442079091860e-02
0.000000000000000000e+00
0.000000000000000000e+00
0.000000000000000000e+00
0.000000000000000000e+00
1.392032553355864941e-02
2.533510586460334824e-03
2.533510586460334824e-03
2.533510586460334824e-03
2.533510586460334824e-03
2.533510586460334824e-03
2.533510586460334824e-03
2.533510586460334824e-03
2.533510586460334824e-03
2.533510586460334824e-03
2.533510586460334824e-03
2.533510586460334824e-03
2.533510586460334824e-03
2.533510586460334824e-03
2.533510586460334824e-03
2.533510586460334824e-03
2.533510586460334824e-03
1.328887442079091860e-02
1.328887442079091860e-02
1.328887442079091860e-02
1.328887442079091860e-02
1.328887442079091860e-02
1.328887442079091860e-02
1.140981546626343261e-02
9.458591920642255707e-03
9.458591920642255707e-03
3.542199796699527226e-02
3.542199796699527226e-02
3.542199796699527226e-02
3.542199796699527226e-02
3.542199796699527226e-02
3.542199796699527226e-02
3.542199796699527226e-02
3.542199796699527226e-02
3.542199796699527226e-02
3.542199796699527226e-02
3.542199796699527226e-02
7.767228411161822190e-04
7.767228411161822190e-04
7.767228411161822190e-04
7.767228411161822190e-04
7.767228411161822190e-04
7.767228411161822190e-04
7.767228411161822190e-04
7.767228411161822190e-04
7.767228411161822190e-04
7.767228411161822190e-04
7.767228411161822190e-04
7.767228411161822190e-04
7.767228411161822190e-04
7.767228411161822190e-04
7.767228411161822190e-04
7.767228411161822190e-04
7.767228411161822190e-04
7.767228411161822190e-04
7.767228411161822190e-04
7.767228411161822190e-04
7.767228411161822190e-04
7.767228411161822190e-04
7.767228411161822190e-04
7.767228411161822190e-04
7.767228411161822190e-04
1.129401942041607758e-02
1.129401942041607758e-02
1.129401942041607758e-02
1.129401942041607758e-02
1.129401942041607758e-02
1.140981546626343261e-02
1.129401942041607758e-02
2.937709776527571456e-04
2.937709776527571456e-04
2.937709776527571456e-04
2.937709776527571456e-04
2.937709776527571456e-04
2.937709776527571456e-04
2.937709776527571456e-04
2.937709776527571456e-04
2.937709776527571456e-04
2.937709776527571456e-04
2.937709776527571456e-04
2.937709776527571456e-04
2.937709776527571456e-04
2.937709776527571456e-04
2.937709776527571456e-04
2.937709776527571456e-04
2.937709776527571456e-04
6.066300064963811405e-03
6.066300064963811405e-03
6.066300064963811405e-03
6.066300064963811405e-03
6.066300064963811405e-03
6.066300064963811405e-03
6.066300064963811405e-03
6.066300064963811405e-03
6.066300064963811405e-03
6.066300064963811405e-03
6.066300064963811405e-03
6.066300064963811405e-03
6.066300064963811405e-03
6.066300064963811405e-03
6.066300064963811405e-03
6.066300064963811405e-03
6.066300064963811405e-03
6.066300064963811405e-03
6.066300064963811405e-03
5.188010479384982075e-03
1.137588264407980720e-02
1.137588264407980720e-02
1.091551434987585731e-03
2.613430299056644385e-03
2.613430299056644385e-03
2.613430299056644385e-03
2.613430299056644385e-03
2.257018545482559341e-02
2.257018545482559341e-02
2.257018545482559341e-02
2.257018545482559341e-02
2.257018545482559341e-02
2.257018545482559341e-02
2.257018545482559341e-02
2.257018545482559341e-02
2.257018545482559341e-02
2.257018545482559341e-02
2.257018545482559341e-02
5.188010479384982075e-03
5.188010479384982075e-03
5.188010479384982075e-03
5.188010479384982075e-03
5.188010479384982075e-03
5.188010479384982075e-03
5.188010479384982075e-03
5.188010479384982075e-03
2.208961242507755801e-03
2.143917242832353576e-03
2.208961242507755801e-03
2.208961242507755801e-03
2.208961242507755801e-03
2.208961242507755801e-03
2.208961242507755801e-03
2.208961242507755801e-03
2.208961242507755801e-03
2.143917242832353576e-03
2.203597803277588044e-02
3.445974551242621947e-02
3.445974551242621947e-02
2.084268441448333415e-03
2.084268441448333415e-03
2.084268441448333415e-03
2.084268441448333415e-03
2.084268441448333415e-03
2.084268441448333415e-03
2.084268441448333415e-03
2.084268441448333415e-03
2.084268441448333415e-03
2.084268441448333415e-03
2.084268441448333415e-03
8.517158334881820558e-03
7.716695810255767190e-04
7.716695810255767190e-04
1.707907218215430276e-02
3.761332170908391215e-03
3.761332170908391215e-03
3.761332170908391215e-03
3.761332170908391215e-03
0.000000000000000000e+00
0.000000000000000000e+00
0.000000000000000000e+00
0.000000000000000000e+00
0.000000000000000000e+00
0.000000000000000000e+00
0.000000000000000000e+00
0.000000000000000000e+00
0.000000000000000000e+00
0.000000000000000000e+00
0.000000000000000000e+00
0.000000000000000000e+00
0.000000000000000000e+00
2.203597803277588044e-02
2.203597803277588044e-02
2.203597803277588044e-02
2.203597803277588044e-02
2.203597803277588044e-02
2.203597803277588044e-02
2.203597803277588044e-02
2.203597803277588044e-02
3.332493971132945067e-03
4.480023973648689095e-03
4.480023973648689095e-03
3.028629434086885577e-02
3.975287640289296154e-02
3.028629434086885577e-02
3.028629434086885577e-02
3.028629434086885577e-02
3.028629434086885577e-02
3.028629434086885577e-02
2.121828369131396972e-03
1.657227588652999278e-04
1.657227588652999278e-04
1.657227588652999278e-04
1.657227588652999278e-04
1.657227588652999278e-04
1.657227588652999278e-04
1.657227588652999278e-04
1.657227588652999278e-04
4.337456635999238468e-03
2.263643728407300701e-03
2.263643728407300701e-03
2.263643728407300701e-03
2.263643728407300701e-03
2.263643728407300701e-03
2.263643728407300701e-03
8.478367507885727072e-03
2.263643728407300701e-03
3.332493971132945067e-03
3.332493971132945067e-03
3.332493971132945067e-03
3.332493971132945067e-03
3.332493971132945067e-03
3.332493971132945067e-03
3.332493971132945067e-03
3.332493971132945067e-03
3.332493971132945067e-03
3.332493971132945067e-03
2.207531708744175317e-03
2.207531708744175317e-03
2.207531708744175317e-03
2.207531708744175317e-03
2.207531708744175317e-03
2.207531708744175317e-03
2.207531708744175317e-03
2.207531708744175317e-03
2.207531708744175317e-03
2.207531708744175317e-03
2.207531708744175317e-03
2.207531708744175317e-03
2.207531708744175317e-03
2.207531708744175317e-03
2.207531708744175317e-03
2.207531708744175317e-03
2.207531708744175317e-03
1.325020817904093602e-02
1.325020817904093602e-02
1.325020817904093602e-02
1.325020817904093602e-02
1.325020817904093602e-02
1.325020817904093602e-02
1.325020817904093602e-02
1.325020817904093602e-02
1.325020817904093602e-02
1.325020817904093602e-02
1.325020817904093602e-02
1.325020817904093602e-02
1.325020817904093602e-02
1.325020817904093602e-02
1.325020817904093602e-02
1.325020817904093602e-02
1.325020817904093602e-02
1.325020817904093602e-02
1.325020817904093602e-02
1.325020817904093602e-02
1.325020817904093602e-02
1.325020817904093602e-02
1.325020817904093602e-02
3.225240369781273014e-02
2.270852185187574243e-02
2.270852185187574243e-02
2.270852185187574243e-02
2.270852185187574243e-02
2.270852185187574243e-02
2.270852185187574243e-02
1.274517870706582193e-02
9.003754291649181465e-03
9.003754291649181465e-03
9.003754291649181465e-03
9.003754291649181465e-03
9.003754291649181465e-03
9.003754291649181465e-03
9.003754291649181465e-03
9.003754291649181465e-03
3.088635507953062156e-03
2.206400342840233661e-02
2.206400342840233661e-02
2.206400342840233661e-02
2.206400342840233661e-02
8.585928659214777867e-03
8.585928659214777867e-03
8.585928659214777867e-03
8.585928659214777867e-03
8.585928659214777867e-03
8.585928659214777867e-03
8.585928659214777867e-03
8.585928659214777867e-03
8.585928659214777867e-03
8.585928659214777867e-03
8.585928659214777867e-03
8.585928659214777867e-03
8.585928659214777867e-03
8.585928659214777867e-03
8.585928659214777867e-03
8.585928659214777867e-03
8.585928659214777867e-03
2.161105386570599113e-02
1.480621399818429947e-02
1.480621399818429947e-02
3.088635507953062156e-03
3.088635507953062156e-03
3.088635507953062156e-03
3.088635507953062156e-03
3.088635507953062156e-03
3.088635507953062156e-03
3.088635507953062156e-03
3.088635507953062156e-03
2.161105386570599113e-02
2.161105386570599113e-02
1.491206798186449703e-02
2.161105386570599113e-02
2.161105386570599113e-02
2.161105386570599113e-02
9.856833252748102570e-03
7.118153701310971429e-03
7.118153701310971429e-03
2.329234032001899300e-03
2.329234032001899300e-03
2.329234032001899300e-03
2.329234032001899300e-03
2.329234032001899300e-03
2.329234032001899300e-03
2.329234032001899300e-03
2.329234032001899300e-03
2.329234032001899300e-03
2.329234032001899300e-03
2.329234032001899300e-03
2.329234032001899300e-03
2.329234032001899300e-03
4.672231705459983613e-03
9.856833252748102570e-03
9.856833252748102570e-03
9.856833252748102570e-03
9.856833252748102570e-03
9.856833252748102570e-03
0.000000000000000000e+00
0.000000000000000000e+00
0.000000000000000000e+00
4.672231705459983613e-03
4.672231705459983613e-03
4.672231705459983613e-03
4.672231705459983613e-03
4.672231705459983613e-03
4.672231705459983613e-03
4.672231705459983613e-03
4.672231705459983613e-03
3.470182890217772369e-03
1.545474675248311586e-02
1.545474675248311586e-02
1.545474675248311586e-02
1.545474675248311586e-02
8.405569063641239735e-03
3.301381142934737222e-04
3.301381142934737222e-04
3.570544355215715063e-03
6.885943548558927721e-04
6.885943548558927721e-04
6.885943548558927721e-04
6.885943548558927721e-04
5.257993469144361248e-03
4.140343579776060816e-03
4.140343579776060816e-03
4.140343579776060816e-03
4.140343579776060816e-03
4.140343579776060816e-03
4.140343579776060816e-03
3.470182890217772369e-03
3.470182890217772369e-03
3.470182890217772369e-03
3.470182890217772369e-03
3.470182890217772369e-03
3.470182890217772369e-03
3.470182890217772369e-03
3.470182890217772369e-03
3.470182890217772369e-03
3.470182890217772369e-03
3.470182890217772369e-03
3.470182890217772369e-03
3.470182890217772369e-03
3.470182890217772369e-03
1.429536800959006586e-02
9.849587494594119058e-03
9.849587494594119058e-03
9.849587494594119058e-03
9.849587494594119058e-03
1.183392729535688061e-02
9.849587494594119058e-03
3.131489329834682978e-02
1.177981807583375860e-02
1.177981807583375860e-02
1.177981807583375860e-02
1.177981807583375860e-02
1.414197287352177710e-03
4.863481768822583949e-03
4.863481768822583949e-03
4.863481768822583949e-03
4.863481768822583949e-03
4.863481768822583949e-03
4.863481768822583949e-03
4.863481768822583949e-03
4.863481768822583949e-03
4.863481768822583949e-03
4.863481768822583949e-03
4.863481768822583949e-03
4.863481768822583949e-03
0.000000000000000000e+00
2.455276065628998923e-03
2.455276065628998923e-03
2.455276065628998923e-03
2.455276065628998923e-03
0.000000000000000000e+00
0.000000000000000000e+00
0.000000000000000000e+00
2.306637860603500192e-03
1.723845214097742551e-02
1.723845214097742551e-02
1.723845214097742551e-02
1.723845214097742551e-02
1.723845214097742551e-02
1.723845214097742551e-02
1.723845214097742551e-02
1.723845214097742551e-02
1.723845214097742551e-02
1.723845214097742551e-02
2.977250001982405855e-03
2.977250001982405855e-03
2.977250001982405855e-03
2.977250001982405855e-03
2.977250001982405855e-03
2.977250001982405855e-03
2.977250001982405855e-03
2.977250001982405855e-03
2.977250001982405855e-03
2.977250001982405855e-03
2.977250001982405855e-03
2.977250001982405855e-03
2.977250001982405855e-03
4.692974431942321945e-02
9.071044813437172116e-02
9.071044813437172116e-02
9.071044813437172116e-02
9.071044813437172116e-02
9.071044813437172116e-02
9.071044813437172116e-02
9.071044813437172116e-02
9.071044813437172116e-02
9.071044813437172116e-02
9.071044813437172116e-02
9.071044813437172116e-02
9.071044813437172116e-02
2.306637860603500192e-03
2.306637860603500192e-03
1.124354410566641774e-02
1.124354410566641774e-02
1.124354410566641774e-02
1.124354410566641774e-02
1.124354410566641774e-02
1.124354410566641774e-02
1.124354410566641774e-02
1.124354410566641774e-02
1.124354410566641774e-02
1.124354410566641774e-02
1.124354410566641774e-02
1.124354410566641774e-02
1.124354410566641774e-02
2.163490793477082508e-02
2.163490793477082508e-02
1.715258901938082961e-02
1.401597377698901928e-02
1.401597377698901928e-02
1.401597377698901928e-02
1.401597377698901928e-02
1.401597377698901928e-02
1.401597377698901928e-02
1.401597377698901928e-02
1.401597377698901928e-02
1.401597377698901928e-02
1.401597377698901928e-02
1.401597377698901928e-02
1.401597377698901928e-02
1.401597377698901928e-02
1.401597377698901928e-02
1.401597377698901928e-02
1.401597377698901928e-02
3.881584229914694911e-03
1.319331271058674787e-02
1.319331271058674787e-02
1.319331271058674787e-02
1.319331271058674787e-02
1.319331271058674787e-02
1.319331271058674787e-02
1.319331271058674787e-02
1.319331271058674787e-02
1.319331271058674787e-02
1.319331271058674787e-02
1.319331271058674787e-02
1.319331271058674787e-02
6.487323567849503231e-03
1.558984609430211568e-02
1.558984609430211568e-02
4.324614984373612199e-03
4.114504301732985550e-03
4.114504301732985550e-03
4.114504301732985550e-03
4.114504301732985550e-03
4.114504301732985550e-03
4.114504301732985550e-03
0.000000000000000000e+00
3.609283557944259393e-03
0.000000000000000000e+00
3.609283557944259393e-03
1.029631281830377864e-03
3.609283557944259393e-03
0.000000000000000000e+00
6.720445798136536267e-03
6.720445798136536267e-03
6.720445798136536267e-03
6.720445798136536267e-03
6.720445798136536267e-03
6.720445798136536267e-03
6.720445798136536267e-03
6.720445798136536267e-03
6.720445798136536267e-03
6.720445798136536267e-03
6.720445798136536267e-03
6.720445798136536267e-03
3.294271169026443107e-03
8.683404763024671694e-03
8.683404763024671694e-03
8.683404763024671694e-03
8.683404763024671694e-03
8.683404763024671694e-03
8.683404763024671694e-03
0.000000000000000000e+00
0.000000000000000000e+00
0.000000000000000000e+00
2.427401525285775505e-02
0.000000000000000000e+00
0.000000000000000000e+00
3.294271169026443107e-03
5.015511372980041224e-03
5.015511372980041224e-03
1.881602271338374960e-02
1.881602271338374960e-02
1.881602271338374960e-02
1.881602271338374960e-02
1.881602271338374960e-02
1.881602271338374960e-02
1.881602271338374960e-02
1.881602271338374960e-02
1.881602271338374960e-02
1.881602271338374960e-02
1.881602271338374960e-02
1.385708496609931034e-02
4.510465333615282929e-03
4.510465333615282929e-03
4.510465333615282929e-03
4.510465333615282929e-03
2.257394293484028466e-02
3.972008266807358634e-02
3.972008266807358634e-02
3.972008266807358634e-02
3.972008266807358634e-02
3.972008266807358634e-02
3.972008266807358634e-02
3.972008266807358634e-02
3.972008266807358634e-02
4.319814677596457014e-02
7.994392539051355107e-03
7.994392539051355107e-03
7.994392539051355107e-03
7.994392539051355107e-03
7.994392539051355107e-03
7.994392539051355107e-03
8.197946411516551096e-03
2.393212094218298992e-03
2.393212094218298992e-03
4.319814677596457014e-02
0.000000000000000000e+00
0.000000000000000000e+00
0.000000000000000000e+00
0.000000000000000000e+00
2.004233764937749657e-02
4.100495205367796908e-02
4.100495205367796908e-02
4.100495205367796908e-02
4.100495205367796908e-02
4.100495205367796908e-02
4.100495205367796908e-02
1.298421900828830577e-02
2.638806332034996337e-03
2.638806332034996337e-03
2.638806332034996337e-03
2.638806332034996337e-03
2.638806332034996337e-03
2.638806332034996337e-03
8.405569063641239735e-03
2.794568223933377449e-02
2.794568223933377449e-02
2.794568223933377449e-02
2.794568223933377449e-02
3.585467700620703635e-02
1.811782545830251806e-02
1.811782545830251806e-02
2.328313057781371959e-03
2.045603939535958066e-02
2.045603939535958066e-02
2.045603939535958066e-02
1.562044013197387690e-03
1.084049245319464692e-02
1.084049245319464692e-02
1.084049245319464692e-02
1.084049245319464692e-02
1.084049245319464692e-02
1.084049245319464692e-02
1.084049245319464692e-02
1.084049245319464692e-02
1.084049245319464692e-02
1.084049245319464692e-02
1.429536800959006586e-02
1.429536800959006586e-02
8.878268194730620441e-03
1.404503758274076863e-03
1.404503758274076863e-03
1.404503758274076863e-03
1.404503758274076863e-03
1.404503758274076863e-03
1.404503758274076863e-03
1.770456193221533331e-02
2.120524401214181690e-02
2.120524401214181690e-02
2.120524401214181690e-02
2.120524401214181690e-02
2.120524401214181690e-02
2.120524401214181690e-02
2.120524401214181690e-02
2.120524401214181690e-02
2.120524401214181690e-02
2.120524401214181690e-02
2.120524401214181690e-02
2.120524401214181690e-02
2.853213279950047448e-02
4.148475118915607995e-02
4.148475118915607995e-02
4.148475118915607995e-02
4.148475118915607995e-02
3.225240369781273014e-02
3.858697663916077492e-02
3.858697663916077492e-02
2.091496602613534053e-02
2.091496602613534053e-02
2.091496602613534053e-02
2.091496602613534053e-02
2.091496602613534053e-02
2.091496602613534053e-02
2.091496602613534053e-02
2.091496602613534053e-02
2.091496602613534053e-02
2.091496602613534053e-02
2.091496602613534053e-02
2.091496602613534053e-02
2.091496602613534053e-02
3.314448448947976411e-02
3.314448448947976411e-02
3.314448448947976411e-02
2.601248185359236395e-02
3.314448448947976411e-02
3.076440794338937239e-03
1.047557958013214247e-02
1.047557958013214247e-02
2.427401525285775505e-02
2.427401525285775505e-02
2.427401525285775505e-02
2.427401525285775505e-02
2.427401525285775505e-02
2.427401525285775505e-02
2.427401525285775505e-02
2.427401525285775505e-02
0.000000000000000000e+00
0.000000000000000000e+00
0.000000000000000000e+00
0.000000000000000000e+00
3.164713688214109821e-03
3.164713688214109821e-03
3.164713688214109821e-03
3.164713688214109821e-03
1.397511603365454540e-02
3.164713688214109821e-03
3.164713688214109821e-03
3.164713688214109821e-03
2.601248185359236395e-02
2.601248185359236395e-02
2.601248185359236395e-02
2.601248185359236395e-02
2.601248185359236395e-02
2.601248185359236395e-02
2.601248185359236395e-02
0.000000000000000000e+00
0.000000000000000000e+00
0.000000000000000000e+00
0.000000000000000000e+00
0.000000000000000000e+00
0.000000000000000000e+00
0.000000000000000000e+00
0.000000000000000000e+00
0.000000000000000000e+00
0.000000000000000000e+00
0.000000000000000000e+00
0.000000000000000000e+00
0.000000000000000000e+00
0.000000000000000000e+00
0.000000000000000000e+00
0.000000000000000000e+00
0.000000000000000000e+00
0.000000000000000000e+00
0.000000000000000000e+00
7.856874024234119722e-03
6.638755331787816495e-03
6.638755331787816495e-03
2.493440043606773293e-02
3.047060667592792552e-02
3.047060667592792552e-02
3.047060667592792552e-02
3.047060667592792552e-02
3.047060667592792552e-02
3.047060667592792552e-02
3.047060667592792552e-02
3.047060667592792552e-02
0.000000000000000000e+00
7.643982362241470881e-03
7.643982362241470881e-03
7.643982362241470881e-03
7.643982362241470881e-03
7.643982362241470881e-03
7.643982362241470881e-03
7.643982362241470881e-03
7.643982362241470881e-03
7.643982362241470881e-03
7.643982362241470881e-03
5.867257505589269090e-02
4.743988147870218525e-02
4.743988147870218525e-02
4.259140090245769339e-02
4.259140090245769339e-02
4.259140090245769339e-02
3.052852817721671275e-02
4.259140090245769339e-02
4.259140090245769339e-02
4.259140090245769339e-02
5.867257505589269090e-02
2.769059265123506933e-02
2.769059265123506933e-02
2.769059265123506933e-02
2.769059265123506933e-02
2.769059265123506933e-02
2.769059265123506933e-02
2.769059265123506933e-02
2.769059265123506933e-02
2.769059265123506933e-02
2.769059265123506933e-02
0.000000000000000000e+00
3.472463172930426167e-02
3.472463172930426167e-02
3.472463172930426167e-02
3.472463172930426167e-02
3.472463172930426167e-02
3.472463172930426167e-02
3.472463172930426167e-02
3.472463172930426167e-02
5.392898242316799574e-03
6.111224033190273616e-03
6.111224033190273616e-03
6.111224033190273616e-03
6.111224033190273616e-03
2.942053076414894840e-03
2.942053076414894840e-03
2.942053076414894840e-03
2.942053076414894840e-03
2.942053076414894840e-03
2.942053076414894840e-03
2.942053076414894840e-03
2.942053076414894840e-03
2.942053076414894840e-03
2.942053076414894840e-03
2.942053076414894840e-03
2.942053076414894840e-03
2.942053076414894840e-03
2.942053076414894840e-03
2.942053076414894840e-03
2.942053076414894840e-03
2.942053076414894840e-03
2.942053076414894840e-03
2.942053076414894840e-03
2.942053076414894840e-03
2.942053076414894840e-03
2.942053076414894840e-03
2.942053076414894840e-03
2.942053076414894840e-03
2.942053076414894840e-03
2.942053076414894840e-03
2.942053076414894840e-03
5.931097342618328432e-03
5.931097342618328432e-03
5.931097342618328432e-03
5.931097342618328432e-03
5.931097342618328432e-03
5.931097342618328432e-03
5.931097342618328432e-03
5.931097342618328432e-03
5.931097342618328432e-03
5.931097342618328432e-03
5.931097342618328432e-03
5.931097342618328432e-03
5.931097342618328432e-03
4.539452679303561562e-03
4.967854375127050796e-03
4.967854375127050796e-03
1.286276383626684325e-02
1.286276383626684325e-02
1.286276383626684325e-02
1.286276383626684325e-02
1.286276383626684325e-02
1.286276383626684325e-02
1.286276383626684325e-02
1.286276383626684325e-02
1.286276383626684325e-02
1.286276383626684325e-02
1.286276383626684325e-02
8.520477065609918799e-03
1.312868751782227637e-02
3.593345229498793626e-04
3.593345229498793626e-04
3.593345229498793626e-04
3.593345229498793626e-04
3.593345229498793626e-04
3.593345229498793626e-04
5.992469982356235687e-03
5.992469982356235687e-03
5.992469982356235687e-03
5.992469982356235687e-03
5.992469982356235687e-03
5.992469982356235687e-03
5.992469982356235687e-03
5.992469982356235687e-03
5.992469982356235687e-03
5.992469982356235687e-03
5.992469982356235687e-03
0.000000000000000000e+00
0.000000000000000000e+00
0.000000000000000000e+00
0.000000000000000000e+00
0.000000000000000000e+00
2.684745431646059360e-02
2.853213279950047448e-02
2.853213279950047448e-02
2.853213279950047448e-02
1.942650448412728062e-02
2.144775729771470837e-02
2.144775729771470837e-02
2.144775729771470837e-02
2.144775729771470837e-02
2.144775729771470837e-02
2.144775729771470837e-02
2.144775729771470837e-02
2.144775729771470837e-02
9.286771314356461957e-03
3.045539260922685773e-02
9.286771314356461957e-03
3.045539260922685773e-02
3.045539260922685773e-02
3.045539260922685773e-02
3.045539260922685773e-02
3.045539260922685773e-02
3.045539260922685773e-02
3.045539260922685773e-02
8.531077421895084598e-03
8.549241963678283832e-03
8.549241963678283832e-03
8.549241963678283832e-03
8.549241963678283832e-03
2.855285445203335510e-03
2.855285445203335510e-03
2.855285445203335510e-03
2.855285445203335510e-03
1.019034416643596098e-02
1.381310593735197902e-03
1.381310593735197902e-03
1.381310593735197902e-03
1.381310593735197902e-03
1.381310593735197902e-03
1.381310593735197902e-03
1.381310593735197902e-03
1.381310593735197902e-03
1.381310593735197902e-03
1.381310593735197902e-03
1.381310593735197902e-03
1.381310593735197902e-03
1.390815949577495561e-02
2.204363782390810281e-02
2.204363782390810281e-02
2.004233764937749657e-02
6.925614200352676365e-03
6.925614200352676365e-03
6.658550795051949899e-04
1.190427201445309717e-02
1.190427201445309717e-02
1.190427201445309717e-02
1.190427201445309717e-02
1.770198705456413335e-02
1.770198705456413335e-02
1.770198705456413335e-02
1.770198705456413335e-02
1.770198705456413335e-02
1.770198705456413335e-02
1.770198705456413335e-02
1.770198705456413335e-02
1.770198705456413335e-02
1.770198705456413335e-02
1.770198705456413335e-02
1.770198705456413335e-02
2.493440043606773293e-02
2.493440043606773293e-02
1.051686103263143636e-02
1.051686103263143636e-02
1.051686103263143636e-02
1.051686103263143636e-02
1.051686103263143636e-02
1.051686103263143636e-02
1.051686103263143636e-02
1.051686103263143636e-02
1.051686103263143636e-02
1.051686103263143636e-02
1.051686103263143636e-02
1.051686103263143636e-02
1.051686103263143636e-02
1.051686103263143636e-02
1.051686103263143636e-02
2.980627093837089070e-02
1.060666639813148031e-03
1.060666639813148031e-03
1.060666639813148031e-03
1.060666639813148031e-03
1.060666639813148031e-03
1.060666639813148031e-03
1.060666639813148031e-03
1.060666639813148031e-03
3.986011162293731647e-03
3.986011162293731647e-03
3.986011162293731647e-03
3.986011162293731647e-03
3.986011162293731647e-03
3.986011162293731647e-03
3.986011162293731647e-03
3.986011162293731647e-03
3.986011162293731647e-03
3.986011162293731647e-03
3.986011162293731647e-03
1.615949111976223637e-03
1.630039163458322019e-02
1.630039163458322019e-02
1.630039163458322019e-02
1.630039163458322019e-02
6.658550795051949899e-04
6.658550795051949899e-04
6.658550795051949899e-04
6.658550795051949899e-04
6.658550795051949899e-04
6.658550795051949899e-04
6.658550795051949899e-04
6.658550795051949899e-04
3.715432957658922758e-02
3.489537874712796833e-02
3.489537874712796833e-02
3.489537874712796833e-02
3.489537874712796833e-02
3.489537874712796833e-02
3.489537874712796833e-02
1.890664938808843745e-02
1.385708496609931034e-02
1.385708496609931034e-02
1.385708496609931034e-02
1.182771796147373544e-02
3.967370411245696796e-03
3.967370411245696796e-03
1.029631281830377864e-03
1.029631281830377864e-03
1.029631281830377864e-03
1.029631281830377864e-03
1.029631281830377864e-03
2.847160589830217275e-02
5.567384770521979082e-02
5.567384770521979082e-02
5.567384770521979082e-02
5.567384770521979082e-02
5.567384770521979082e-02
5.567384770521979082e-02
5.567384770521979082e-02
5.567384770521979082e-02
5.567384770521979082e-02
5.567384770521979082e-02
1.313863857822039800e-02
1.398894579112977890e-02
1.398894579112977890e-02
1.398894579112977890e-02
1.398894579112977890e-02
7.985809722494702917e-03
2.812835750060709364e-03
2.812835750060709364e-03
2.812835750060709364e-03
2.812835750060709364e-03
2.812835750060709364e-03
2.812835750060709364e-03
2.812835750060709364e-03
2.812835750060709364e-03
4.685796966456151104e-03
2.928431162570428389e-02
4.685796966456151104e-03
4.685796966456151104e-03
4.685796966456151104e-03
4.685796966456151104e-03
4.685796966456151104e-03
4.685796966456151104e-03
4.685796966456151104e-03
2.928431162570428389e-02
2.928431162570428389e-02
2.928431162570428389e-02
1.185714774710679847e-01
2.264836587250964803e-02
1.185714774710679847e-01
2.264836587250964803e-02
2.264836587250964803e-02
2.264836587250964803e-02
2.264836587250964803e-02
2.264836587250964803e-02
2.264836587250964803e-02
2.264836587250964803e-02
1.098584680725689204e-02
3.330433493511415766e-02
6.225339714606936865e-03
6.225339714606936865e-03
6.225339714606936865e-03
6.225339714606936865e-03
6.225339714606936865e-03
3.330433493511415766e-02
3.330433493511415766e-02
3.330433493511415766e-02
1.046896337380525885e-02
3.719806984638965308e-02
3.719806984638965308e-02
3.719806984638965308e-02
3.719806984638965308e-02
3.719806984638965308e-02
3.719806984638965308e-02
3.719806984638965308e-02
3.719806984638965308e-02
5.425165581351544183e-03
2.322737088890281659e-02
2.322737088890281659e-02
2.322737088890281659e-02
2.322737088890281659e-02
2.322737088890281659e-02
2.322737088890281659e-02
2.322737088890281659e-02
2.322737088890281659e-02
2.322737088890281659e-02
2.322737088890281659e-02
2.322737088890281659e-02
2.322737088890281659e-02
2.322737088890281659e-02
2.322737088890281659e-02
2.768784715530802493e-02
3.656853579742262023e-02
3.656853579742262023e-02
3.656853579742262023e-02
3.656853579742262023e-02
3.656853579742262023e-02
3.656853579742262023e-02
2.144167350613819870e-02
2.896335145497241914e-02
2.896335145497241914e-02
2.896335145497241914e-02
2.896335145497241914e-02
2.896335145497241914e-02
2.896335145497241914e-02
2.896335145497241914e-02
2.896335145497241914e-02
2.896732392848010498e-02
2.896732392848010498e-02
2.896732392848010498e-02
2.896732392848010498e-02
2.896732392848010498e-02
0.000000000000000000e+00
5.622110564079856043e-02
5.622110564079856043e-02
5.622110564079856043e-02
5.622110564079856043e-02
5.622110564079856043e-02
5.622110564079856043e-02
5.622110564079856043e-02
5.622110564079856043e-02
5.622110564079856043e-02
5.622110564079856043e-02
5.622110564079856043e-02
5.622110564079856043e-02
5.622110564079856043e-02
5.622110564079856043e-02
5.622110564079856043e-02
5.622110564079856043e-02
5.622110564079856043e-02
5.622110564079856043e-02
1.011326422575858398e-02
1.011326422575858398e-02
1.011326422575858398e-02
1.011326422575858398e-02
1.011326422575858398e-02
1.011326422575858398e-02
1.011326422575858398e-02
1.011326422575858398e-02
1.011326422575858398e-02
1.011326422575858398e-02
1.011326422575858398e-02
4.134837135107652210e-03
1.019034416643596098e-02
1.019034416643596098e-02
1.019034416643596098e-02
1.019034416643596098e-02
1.019034416643596098e-02
1.019034416643596098e-02
1.019034416643596098e-02
1.019034416643596098e-02
1.019034416643596098e-02
1.019034416643596098e-02
1.019034416643596098e-02
1.019034416643596098e-02
1.019034416643596098e-02
0.000000000000000000e+00
7.818344867155352373e-03
7.818344867155352373e-03
7.818344867155352373e-03
7.818344867155352373e-03
0.000000000000000000e+00
8.961076897876322014e-03
8.961076897876322014e-03
8.961076897876322014e-03
8.961076897876322014e-03
3.653107314740695888e-02
7.353305935171165764e-02
7.353305935171165764e-02
7.353305935171165764e-02
7.353305935171165764e-02
7.353305935171165764e-02
7.353305935171165764e-02
1.599392819006581132e-02
1.599392819006581132e-02
1.599392819006581132e-02
1.599392819006581132e-02
1.599392819006581132e-02
1.356588085890545782e-02
1.599392819006581132e-02
1.599392819006581132e-02
1.599392819006581132e-02
5.612668214516463097e-03
1.040982970805632950e-02
1.040982970805632950e-02
1.040982970805632950e-02
1.040982970805632950e-02
1.040982970805632950e-02
1.040982970805632950e-02
1.269490965136092775e-02
1.269490965136092775e-02
1.269490965136092775e-02
1.269490965136092775e-02
1.269490965136092775e-02
1.269490965136092775e-02
1.269490965136092775e-02
1.269490965136092775e-02
1.269490965136092775e-02
1.269490965136092775e-02
1.269490965136092775e-02
1.269490965136092775e-02
1.269490965136092775e-02
1.269490965136092775e-02
1.269490965136092775e-02
1.269490965136092775e-02
1.269490965136092775e-02
1.269490965136092775e-02
1.269490965136092775e-02
5.392898242316799574e-03
1.555526678901979773e-03
1.555526678901979773e-03
1.555526678901979773e-03
1.555526678901979773e-03
1.555526678901979773e-03
1.555526678901979773e-03
2.192916962593096861e-02
5.701528429784001768e-03
5.701528429784001768e-03
1.719305956351166844e-03
9.851087030665945168e-03
1.719305956351166844e-03
1.719305956351166844e-03
1.719305956351166844e-03
1.719305956351166844e-03
1.719305956351166844e-03
9.851087030665945168e-03
9.851087030665945168e-03
9.851087030665945168e-03
1.061519397581259933e-02
1.061519397581259933e-02
1.061519397581259933e-02
1.061519397581259933e-02
1.097639088090263983e-02
5.767124280317822982e-02
5.767124280317822982e-02
5.767124280317822982e-02
5.767124280317822982e-02
5.767124280317822982e-02
5.767124280317822982e-02
5.767124280317822982e-02
5.767124280317822982e-02
5.767124280317822982e-02
5.767124280317822982e-02
5.767124280317822982e-02
5.767124280317822982e-02
1.161353851486661599e-02
3.914973398897716485e-03
3.914973398897716485e-03
3.914973398897716485e-03
3.914973398897716485e-03
3.914973398897716485e-03
3.914973398897716485e-03
3.131489329834682978e-02
3.131489329834682978e-02
3.131489329834682978e-02
3.131489329834682978e-02
3.131489329834682978e-02
3.131489329834682978e-02
3.131489329834682978e-02
3.131489329834682978e-02
3.131489329834682978e-02
3.131489329834682978e-02
3.131489329834682978e-02
3.131489329834682978e-02
3.131489329834682978e-02
3.131489329834682978e-02
3.131489329834682978e-02
3.131489329834682978e-02
3.131489329834682978e-02
3.131489329834682978e-02
3.131489329834682978e-02
3.131489329834682978e-02
3.131489329834682978e-02
3.131489329834682978e-02
4.318788373108428669e-02
5.840805159558946046e-03
5.840805159558946046e-03
5.840805159558946046e-03
5.840805159558946046e-03
5.840805159558946046e-03
5.840805159558946046e-03
5.840805159558946046e-03
5.840805159558946046e-03
8.629914664892818568e-03
5.425165581351544183e-03
5.425165581351544183e-03
5.425165581351544183e-03
5.425165581351544183e-03
5.425165581351544183e-03
0.000000000000000000e+00
0.000000000000000000e+00
1.084183813570675737e-03
1.084183813570675737e-03
1.084183813570675737e-03
1.084183813570675737e-03
0.000000000000000000e+00
1.084183813570675737e-03
1.084183813570675737e-03
1.084183813570675737e-03
1.084183813570675737e-03
1.046896337380525885e-02
1.046896337380525885e-02
1.046896337380525885e-02
1.046896337380525885e-02
4.923626872644628824e-03
6.487323567849503231e-03
6.487323567849503231e-03
6.487323567849503231e-03
6.487323567849503231e-03
6.487323567849503231e-03
6.487323567849503231e-03
6.487323567849503231e-03
6.487323567849503231e-03
6.487323567849503231e-03
7.799344572881171909e-03
2.091490755722542200e-02
2.091490755722542200e-02
3.146779430423730234e-02
2.112019488500392964e-02
2.112019488500392964e-02
1.519709772415910043e-02
1.519709772415910043e-02
1.519709772415910043e-02
1.519709772415910043e-02
1.519709772415910043e-02
1.519709772415910043e-02
1.519709772415910043e-02
1.519709772415910043e-02
1.519709772415910043e-02
1.519709772415910043e-02
1.519709772415910043e-02
0.000000000000000000e+00
3.860941225212399732e-04
3.860941225212399732e-04
3.860941225212399732e-04
3.860941225212399732e-04
3.860941225212399732e-04
3.860941225212399732e-04
1.219083855064124859e-02
1.219083855064124859e-02
1.219083855064124859e-02
1.219083855064124859e-02
1.219083855064124859e-02
1.219083855064124859e-02
1.219083855064124859e-02
1.219083855064124859e-02
1.219083855064124859e-02
1.596095406876299472e-02
1.219083855064124859e-02
5.731175592270869312e-02
6.147993535457479258e-02
6.147993535457479258e-02
8.878268194730620441e-03
3.197503055302584971e-03
3.197503055302584971e-03
7.856874024234119722e-03
8.531077421895084598e-03
8.531077421895084598e-03
8.531077421895084598e-03
8.531077421895084598e-03
8.531077421895084598e-03
8.531077421895084598e-03
8.531077421895084598e-03
1.723006475887692984e-02
1.710625153589245481e-02
1.710625153589245481e-02
1.710625153589245481e-02
1.710625153589245481e-02
1.710625153589245481e-02
1.710625153589245481e-02
1.313863857822039800e-02
1.313863857822039800e-02
1.313863857822039800e-02
1.313863857822039800e-02
1.313863857822039800e-02
1.313863857822039800e-02
2.004233764937749657e-02
0.000000000000000000e+00
0.000000000000000000e+00
0.000000000000000000e+00
0.000000000000000000e+00
0.000000000000000000e+00
0.000000000000000000e+00
0.000000000000000000e+00
4.850500503636951538e-02
4.460457720814742927e-02
4.460457720814742927e-02
4.460457720814742927e-02
4.460457720814742927e-02
4.460457720814742927e-02
4.460457720814742927e-02
2.710611909289022819e-02
2.847160589830217275e-02
2.847160589830217275e-02
2.847160589830217275e-02
2.710611909289022819e-02
0.000000000000000000e+00
0.000000000000000000e+00
0.000000000000000000e+00
0.000000000000000000e+00
1.414197287352177710e-03
1.414197287352177710e-03
1.728210738179792802e-02
4.043470325731046700e-03
4.043470325731046700e-03
7.084761039436153311e-03
2.129082584973084318e-03
2.129082584973084318e-03
2.624928869832498027e-03
1.615949111976223637e-03
1.615949111976223637e-03
1.615949111976223637e-03
5.392898242316799574e-03
1.071437812487767427e-02
1.071437812487767427e-02
1.071437812487767427e-02
1.071437812487767427e-02
1.071437812487767427e-02
1.071437812487767427e-02
1.071437812487767427e-02
1.071437812487767427e-02
1.071437812487767427e-02
1.071437812487767427e-02
1.071437812487767427e-02
1.071437812487767427e-02
1.071437812487767427e-02
1.071437812487767427e-02
1.071437812487767427e-02
1.071437812487767427e-02
1.071437812487767427e-02
3.580892767336991273e-03
1.728210738179792802e-02
1.728210738179792802e-02
1.728210738179792802e-02
1.728210738179792802e-02
1.728210738179792802e-02
1.728210738179792802e-02
1.728210738179792802e-02
1.728210738179792802e-02
1.728210738179792802e-02
1.728210738179792802e-02
1.728210738179792802e-02
1.728210738179792802e-02
1.728210738179792802e-02
1.491206798186449703e-02
0.000000000000000000e+00
0.000000000000000000e+00
0.000000000000000000e+00
3.881584229914694911e-03
3.881584229914694911e-03
3.881584229914694911e-03
3.881584229914694911e-03
3.881584229914694911e-03
3.881584229914694911e-03
0.000000000000000000e+00
0.000000000000000000e+00
0.000000000000000000e+00
0.000000000000000000e+00
0.000000000000000000e+00
0.000000000000000000e+00
0.000000000000000000e+00
0.000000000000000000e+00
0.000000000000000000e+00
0.000000000000000000e+00
1.987463024260929453e-02
0.000000000000000000e+00
2.910297492951794546e-02
2.150787023860584006e-03
2.150787023860584006e-03
2.150787023860584006e-03
2.150787023860584006e-03
2.150787023860584006e-03
2.150787023860584006e-03
4.074901903971398301e-03
4.074901903971398301e-03
4.074901903971398301e-03
4.074901903971398301e-03
4.074901903971398301e-03
4.074901903971398301e-03
4.074901903971398301e-03
4.074901903971398301e-03
4.074901903971398301e-03
4.074901903971398301e-03
4.074901903971398301e-03
4.074901903971398301e-03
4.074901903971398301e-03
4.074901903971398301e-03
4.074901903971398301e-03
0.000000000000000000e+00
0.000000000000000000e+00
0.000000000000000000e+00
0.000000000000000000e+00
0.000000000000000000e+00
1.713863139703885805e-02
0.000000000000000000e+00
0.000000000000000000e+00
1.715258901938082961e-02
6.654753868333491062e-04
6.654753868333491062e-04
6.654753868333491062e-04
6.654753868333491062e-04
6.654753868333491062e-04
6.654753868333491062e-04
6.654753868333491062e-04
6.654753868333491062e-04
6.654753868333491062e-04
6.654753868333491062e-04
8.405569063641239735e-03
8.405569063641239735e-03
8.405569063641239735e-03
2.834478876438191203e-03
2.834478876438191203e-03
2.834478876438191203e-03
2.834478876438191203e-03
2.834478876438191203e-03
2.834478876438191203e-03
2.834478876438191203e-03
2.834478876438191203e-03
2.834478876438191203e-03
2.834478876438191203e-03
2.834478876438191203e-03
2.976682400330957646e-03
8.157434232592200574e-03
8.157434232592200574e-03
0.000000000000000000e+00
0.000000000000000000e+00
0.000000000000000000e+00
0.000000000000000000e+00
0.000000000000000000e+00
0.000000000000000000e+00
6.830597887826969812e-03
6.830597887826969812e-03
9.257581659399768265e-03
6.830597887826969812e-03
6.830597887826969812e-03
6.830597887826969812e-03
1.987463024260929453e-02
1.987463024260929453e-02
1.987463024260929453e-02
1.987463024260929453e-02
1.987463024260929453e-02
1.987463024260929453e-02
1.987463024260929453e-02
1.987463024260929453e-02
1.987463024260929453e-02
1.987463024260929453e-02
1.987463024260929453e-02
1.987463024260929453e-02
1.987463024260929453e-02
1.987463024260929453e-02
1.987463024260929453e-02
1.987463024260929453e-02
5.731175592270869312e-02
5.754741657595836835e-02
5.754741657595836835e-02
5.754741657595836835e-02
5.754741657595836835e-02
5.754741657595836835e-02
5.754741657595836835e-02
6.674136671686443922e-02
6.674136671686443922e-02
6.674136671686443922e-02
7.667929753181482178e-02
6.674136671686443922e-02
1.101655481029039730e-03
1.101655481029039730e-03
1.101655481029039730e-03
1.101655481029039730e-03
1.101655481029039730e-03
1.101655481029039730e-03
1.101655481029039730e-03
1.101655481029039730e-03
1.101655481029039730e-03
1.101655481029039730e-03
1.101655481029039730e-03
0.000000000000000000e+00
0.000000000000000000e+00
0.000000000000000000e+00
0.000000000000000000e+00
4.319814677596457014e-02
0.000000000000000000e+00
0.000000000000000000e+00
0.000000000000000000e+00
0.000000000000000000e+00
0.000000000000000000e+00
0.000000000000000000e+00
0.000000000000000000e+00
1.579236286829840269e-02
1.579236286829840269e-02
1.579236286829840269e-02
1.579236286829840269e-02
1.579236286829840269e-02
1.579236286829840269e-02
1.579236286829840269e-02
1.579236286829840269e-02
1.579236286829840269e-02
1.579236286829840269e-02
1.579236286829840269e-02
1.579236286829840269e-02
1.579236286829840269e-02
2.624928869832498027e-03
7.581786817643255266e-03
7.581786817643255266e-03
7.581786817643255266e-03
7.581786817643255266e-03
7.581786817643255266e-03
7.581786817643255266e-03
5.731175592270869312e-02
5.731175592270869312e-02
5.731175592270869312e-02
5.915582735177885541e-03
3.140066577275695079e-03
3.140066577275695079e-03
4.797676371889660410e-03
1.140413628555062182e-02
1.140413628555062182e-02
2.976682400330957646e-03
1.047856691705232983e-02
1.047856691705232983e-02
1.047856691705232983e-02
1.047856691705232983e-02
1.047856691705232983e-02
1.047856691705232983e-02
4.047861350259091516e-03
4.047861350259091516e-03
4.047861350259091516e-03
4.047861350259091516e-03
4.047861350259091516e-03
4.695886250144179486e-03
4.047861350259091516e-03
4.047861350259091516e-03
4.047861350259091516e-03
1.644446735465979539e-02
2.418712809242806391e-02
2.418712809242806391e-02
2.418712809242806391e-02
2.418712809242806391e-02
2.418712809242806391e-02
2.418712809242806391e-02
2.418712809242806391e-02
2.418712809242806391e-02
2.418712809242806391e-02
2.418712809242806391e-02
3.294734983965892931e-04
1.819285515869931103e-03
1.819285515869931103e-03
2.094571085569994079e-02
1.418329765350854511e-02
1.418329765350854511e-02
1.418329765350854511e-02
1.418329765350854511e-02
1.418329765350854511e-02
1.418329765350854511e-02
0.000000000000000000e+00
0.000000000000000000e+00
0.000000000000000000e+00
0.000000000000000000e+00
0.000000000000000000e+00
1.942650448412728062e-02
1.942650448412728062e-02
3.643953003031574246e-03
3.643953003031574246e-03
3.643953003031574246e-03
3.643953003031574246e-03
3.643953003031574246e-03
3.643953003031574246e-03
2.897510246883928942e-02
6.234339449484986757e-03
6.234339449484986757e-03
6.234339449484986757e-03
6.234339449484986757e-03
6.234339449484986757e-03
6.234339449484986757e-03
6.234339449484986757e-03
6.234339449484986757e-03
6.234339449484986757e-03
6.234339449484986757e-03
6.234339449484986757e-03
6.234339449484986757e-03
6.234339449484986757e-03
6.234339449484986757e-03
6.234339449484986757e-03
6.234339449484986757e-03
8.910349407511971784e-03
1.556091689208170294e-02
1.556091689208170294e-02
1.556091689208170294e-02
1.556091689208170294e-02
0.000000000000000000e+00
2.642290778154868236e-02
0.000000000000000000e+00
2.642290778154868236e-02
2.642290778154868236e-02
2.642290778154868236e-02
2.642290778154868236e-02
2.642290778154868236e-02
2.642290778154868236e-02
2.642290778154868236e-02
2.642290778154868236e-02
7.702557160162485338e-03
2.049048892655587831e-03
2.049048892655587831e-03
2.049048892655587831e-03
2.049048892655587831e-03
2.049048892655587831e-03
2.049048892655587831e-03
5.746089687749852092e-03
1.707907218215430276e-02
1.906569227606468020e-02
2.751525589627868904e-02
2.751525589627868904e-02
5.612668214516463097e-03
5.307482224680353834e-03
5.307482224680353834e-03
9.656970275243665497e-03
1.182771796147373544e-02
1.182771796147373544e-02
1.182771796147373544e-02
3.570544355215715063e-03
4.539452679303561562e-03
1.397511603365454540e-02
0.000000000000000000e+00
0.000000000000000000e+00
0.000000000000000000e+00
0.000000000000000000e+00
0.000000000000000000e+00
0.000000000000000000e+00
2.257394293484028466e-02
2.257394293484028466e-02
0.000000000000000000e+00
0.000000000000000000e+00
0.000000000000000000e+00
0.000000000000000000e+00
2.593502549370281518e-02
1.976811998362191722e-03
1.976811998362191722e-03
1.976811998362191722e-03
1.976811998362191722e-03
1.976811998362191722e-03
1.976811998362191722e-03
1.976811998362191722e-03
1.976811998362191722e-03
1.976811998362191722e-03
1.976811998362191722e-03
1.312868751782227637e-02
1.312868751782227637e-02
1.312868751782227637e-02
1.312868751782227637e-02
1.312868751782227637e-02
1.312868751782227637e-02
1.312868751782227637e-02
1.312868751782227637e-02
0.000000000000000000e+00
8.625132863304641948e-03
8.625132863304641948e-03
8.625132863304641948e-03
7.252346615196447396e-03
2.249474492197320319e-02
2.249474492197320319e-02
4.923626872644628824e-03
4.923626872644628824e-03
1.045806209667877670e-02
8.903492416636743165e-03
8.903492416636743165e-03
8.903492416636743165e-03
8.903492416636743165e-03
8.903492416636743165e-03
8.903492416636743165e-03
8.903492416636743165e-03
8.903492416636743165e-03
1.298421900828830577e-02
1.298421900828830577e-02
1.298421900828830577e-02
1.298421900828830577e-02
4.324614984373612199e-03
4.324614984373612199e-03
4.324614984373612199e-03
4.324614984373612199e-03
1.975529035709110495e-02
7.084761039436153311e-03
7.084761039436153311e-03
7.084761039436153311e-03
1.176610428751299724e-02
6.317371091745992324e-03
6.317371091745992324e-03
6.317371091745992324e-03
6.317371091745992324e-03
6.317371091745992324e-03
6.317371091745992324e-03
7.667929753181482178e-02
7.667929753181482178e-02
7.667929753181482178e-02
7.667929753181482178e-02
7.667929753181482178e-02
2.349090684937643614e-02
7.799344572881171909e-03
7.799344572881171909e-03
7.799344572881171909e-03
7.856874024234119722e-03
7.856874024234119722e-03
7.856874024234119722e-03
2.920503994502178860e-02
3.033882667574489336e-02
2.920503994502178860e-02
3.033882667574489336e-02
3.033882667574489336e-02
3.033882667574489336e-02
3.033882667574489336e-02
3.033882667574489336e-02
3.033882667574489336e-02
3.033882667574489336e-02
3.033882667574489336e-02
3.033882667574489336e-02
3.076440794338937239e-03
3.076440794338937239e-03
3.076440794338937239e-03
3.076440794338937239e-03
3.076440794338937239e-03
3.076440794338937239e-03
3.076440794338937239e-03
3.076440794338937239e-03
3.076440794338937239e-03
3.076440794338937239e-03
1.161353851486661599e-02
2.217822026818744643e-02
2.217822026818744643e-02
2.050740492705427354e-02
2.725210028415624153e-02
2.725210028415624153e-02
0.000000000000000000e+00
1.121531252696267994e-02
1.121531252696267994e-02
1.121531252696267994e-02
1.121531252696267994e-02
2.050740492705427354e-02
2.050740492705427354e-02
2.050740492705427354e-02
1.459038137497996497e-02
7.252346615196447396e-03
7.252346615196447396e-03
7.252346615196447396e-03
5.915582735177885541e-03
4.619390997260213773e-03
4.619390997260213773e-03
1.770456193221533331e-02
1.770456193221533331e-02
1.770456193221533331e-02
1.770456193221533331e-02
1.245700758143991962e-02
4.157377853882476132e-02
4.157377853882476132e-02
1.152914442114727316e-02
1.577028361368683351e-02
1.577028361368683351e-02
1.577028361368683351e-02
1.577028361368683351e-02
1.577028361368683351e-02
1.577028361368683351e-02
1.577028361368683351e-02
1.577028361368683351e-02
1.577028361368683351e-02
1.577028361368683351e-02
1.577028361368683351e-02
1.577028361368683351e-02
1.577028361368683351e-02
1.577028361368683351e-02
0.000000000000000000e+00
2.209284942137094629e-02
2.209284942137094629e-02
2.209284942137094629e-02
2.209284942137094629e-02
2.209284942137094629e-02
2.209284942137094629e-02
2.209284942137094629e-02
2.209284942137094629e-02
2.209284942137094629e-02
2.209284942137094629e-02
1.183392729535688061e-02
1.183392729535688061e-02
1.091551434987585731e-03
1.091551434987585731e-03
1.091551434987585731e-03
1.091551434987585731e-03
1.091551434987585731e-03
1.091551434987585731e-03
1.263752570229859963e-02
4.535466733393914325e-03
4.535466733393914325e-03
4.535466733393914325e-03
4.535466733393914325e-03
4.535466733393914325e-03
4.535466733393914325e-03
4.535466733393914325e-03
4.535466733393914325e-03
4.535466733393914325e-03
4.535466733393914325e-03
4.535466733393914325e-03
4.535466733393914325e-03
2.387609455087011390e-02
4.797676371889660410e-03
4.797676371889660410e-03
4.797676371889660410e-03
4.111068911289280856e-03
4.111068911289280856e-03
4.111068911289280856e-03
4.111068911289280856e-03
4.111068911289280856e-03
4.111068911289280856e-03
4.111068911289280856e-03
4.111068911289280856e-03
4.111068911289280856e-03
4.111068911289280856e-03
4.111068911289280856e-03
1.498971186705618311e-02
2.260470445976000414e-02
2.898943842705434953e-02
2.898943842705434953e-02
2.898943842705434953e-02
2.898943842705434953e-02
2.898943842705434953e-02
2.898943842705434953e-02
2.898943842705434953e-02
2.898943842705434953e-02
2.217195062997626143e-02
2.094571085569994079e-02
0.000000000000000000e+00
0.000000000000000000e+00
1.975529035709110495e-02
1.975529035709110495e-02
1.975529035709110495e-02
1.975529035709110495e-02
1.715258901938082961e-02
1.715258901938082961e-02
1.715258901938082961e-02
7.263675423616063704e-04
1.247130247328424174e-02
1.247130247328424174e-02
1.247130247328424174e-02
1.247130247328424174e-02
1.247130247328424174e-02
1.247130247328424174e-02
1.247130247328424174e-02
1.247130247328424174e-02
1.176610428751299724e-02
1.176610428751299724e-02
1.176610428751299724e-02
1.176610428751299724e-02
3.065060012228635819e-02
5.164096475878094707e-03
5.164096475878094707e-03
5.164096475878094707e-03
5.164096475878094707e-03
5.164096475878094707e-03
5.164096475878094707e-03
9.111425199803816974e-03
1.097639088090263983e-02
1.097639088090263983e-02
1.097639088090263983e-02
1.097639088090263983e-02
1.097639088090263983e-02
9.111425199803816974e-03
3.408853244760253615e-03
3.408853244760253615e-03
2.593502549370281518e-02
2.593502549370281518e-02
2.593502549370281518e-02
2.593502549370281518e-02
9.111425199803816974e-03
2.140987920574218342e-02
2.326187581876291294e-02
2.326187581876291294e-02
2.326187581876291294e-02
2.326187581876291294e-02
2.726800069991847531e-03
2.726800069991847531e-03
5.746089687749852092e-03
5.746089687749852092e-03
5.746089687749852092e-03
5.746089687749852092e-03
5.746089687749852092e-03
5.746089687749852092e-03
5.746089687749852092e-03
5.746089687749852092e-03
5.746089687749852092e-03
5.746089687749852092e-03
9.411647224527703269e-04
4.678064233140769718e-03
4.678064233140769718e-03
4.678064233140769718e-03
4.678064233140769718e-03
4.678064233140769718e-03
4.678064233140769718e-03
4.678064233140769718e-03
4.678064233140769718e-03
3.580892767336991273e-03
3.580892767336991273e-03
0.000000000000000000e+00
0.000000000000000000e+00
0.000000000000000000e+00
0.000000000000000000e+00
6.755507905315942530e-02
4.743854921068151737e-02
4.743854921068151737e-02
4.743854921068151737e-02
4.743854921068151737e-02
4.743854921068151737e-02
4.743854921068151737e-02
4.743854921068151737e-02
4.743854921068151737e-02
4.743854921068151737e-02
4.743854921068151737e-02
1.247772023665475079e-02
2.579134831349016305e-02
2.579134831349016305e-02
2.579134831349016305e-02
2.579134831349016305e-02
2.579134831349016305e-02
2.579134831349016305e-02
2.579134831349016305e-02
2.579134831349016305e-02
3.052852817721671275e-02
3.442592489319083737e-02
3.442592489319083737e-02
5.257993469144361248e-03
5.257993469144361248e-03
5.257993469144361248e-03
5.257993469144361248e-03
5.257993469144361248e-03
5.257993469144361248e-03
5.257993469144361248e-03
5.257993469144361248e-03
3.225240369781273014e-02
0.000000000000000000e+00
0.000000000000000000e+00
0.000000000000000000e+00
0.000000000000000000e+00
0.000000000000000000e+00
1.078011598908588768e-02
0.000000000000000000e+00
4.535105326645484311e-03
2.848812831122170611e-02
9.401782845740572214e-03
2.848812831122170611e-02
2.848812831122170611e-02
2.848812831122170611e-02
2.848812831122170611e-02
5.867257505589269090e-02
2.768784715530802493e-02
2.768784715530802493e-02
2.768784715530802493e-02
2.768784715530802493e-02
2.348426246902614659e-02
0.000000000000000000e+00
0.000000000000000000e+00
1.562044013197387690e-03
5.168066587832553273e-03
5.168066587832553273e-03
5.168066587832553273e-03
5.168066587832553273e-03
5.168066587832553273e-03
5.168066587832553273e-03
5.168066587832553273e-03
5.168066587832553273e-03
5.168066587832553273e-03
5.168066587832553273e-03
5.168066587832553273e-03
5.168066587832553273e-03
0.000000000000000000e+00
0.000000000000000000e+00
9.394637923490633744e-03
0.000000000000000000e+00
0.000000000000000000e+00
0.000000000000000000e+00
0.000000000000000000e+00
1.152914442114727316e-02
1.152914442114727316e-02
1.152914442114727316e-02
1.152914442114727316e-02
1.317867389648568442e-02
3.065060012228635819e-02
4.251753963826999244e-02
4.251753963826999244e-02
4.251753963826999244e-02
4.251753963826999244e-02
4.251753963826999244e-02
4.251753963826999244e-02
4.251753963826999244e-02
4.251753963826999244e-02
4.251753963826999244e-02
4.251753963826999244e-02
4.251753963826999244e-02
0.000000000000000000e+00
0.000000000000000000e+00
1.859257296363349020e-03
1.177221027997580379e-03
1.177221027997580379e-03
1.177221027997580379e-03
1.177221027997580379e-03
1.177221027997580379e-03
1.177221027997580379e-03
8.197946411516551096e-03
4.263541462890731853e-03
4.263541462890731853e-03
4.263541462890731853e-03
4.263541462890731853e-03
2.662556744113858676e-02
1.890664938808843745e-02
2.501470840638433252e-02
6.558683235048266488e-03
6.558683235048266488e-03
6.558683235048266488e-03
6.558683235048266488e-03
0.000000000000000000e+00
0.000000000000000000e+00
0.000000000000000000e+00
0.000000000000000000e+00
3.294271169026443107e-03
1.294901174115419516e-02
4.264111040784256297e-03
9.045493825717267067e-03
4.264111040784256297e-03
4.264111040784256297e-03
4.264111040784256297e-03
2.140987920574218342e-02
2.470884674657694222e-02
2.470884674657694222e-02
8.629914664892818568e-03
8.629914664892818568e-03
8.629914664892818568e-03
8.629914664892818568e-03
9.817995017378827044e-03
1.482965981952252994e-02
1.482965981952252994e-02
1.482965981952252994e-02
1.482965981952252994e-02
1.482965981952252994e-02
1.482965981952252994e-02
1.045806209667877670e-02
1.045806209667877670e-02
1.102650632946755756e-02
1.245700758143991962e-02
1.245700758143991962e-02
1.245700758143991962e-02
9.411647224527703269e-04
9.411647224527703269e-04
1.098584680725689204e-02
1.098584680725689204e-02
1.161353851486661599e-02
1.161353851486661599e-02
1.161353851486661599e-02
7.401599986359349258e-03
2.348426246902614659e-02
7.121531337151073941e-03
7.121531337151073941e-03
7.121531337151073941e-03
7.121531337151073941e-03
7.121531337151073941e-03
7.121531337151073941e-03
7.121531337151073941e-03
7.121531337151073941e-03
7.121531337151073941e-03
7.121531337151073941e-03
7.121531337151073941e-03
1.470228138863705330e-03
0.000000000000000000e+00
0.000000000000000000e+00
0.000000000000000000e+00
0.000000000000000000e+00
1.342135837384640477e-02
1.342135837384640477e-02
1.906569227606468020e-02
0.000000000000000000e+00
9.257581659399768265e-03
3.597831621416347492e-02
3.597831621416347492e-02
0.000000000000000000e+00
0.000000000000000000e+00
0.000000000000000000e+00
0.000000000000000000e+00
5.052370596008068024e-03
1.470228138863705330e-03
1.470228138863705330e-03
1.470228138863705330e-03
1.692481542735684019e-02
1.549352315265977928e-02
1.549352315265977928e-02
0.000000000000000000e+00
0.000000000000000000e+00
0.000000000000000000e+00
0.000000000000000000e+00
0.000000000000000000e+00
0.000000000000000000e+00
0.000000000000000000e+00
0.000000000000000000e+00
0.000000000000000000e+00
0.000000000000000000e+00
1.374241979807736859e-02
2.960151820217414922e-02
2.960151820217414922e-02
2.960151820217414922e-02
2.960151820217414922e-02
2.960151820217414922e-02
2.960151820217414922e-02
1.817517034378186153e-02
1.390815949577495561e-02
1.390815949577495561e-02
1.390815949577495561e-02
1.817517034378186153e-02
1.817517034378186153e-02
1.817517034378186153e-02
5.052370596008068024e-03
5.052370596008068024e-03
5.052370596008068024e-03
5.052370596008068024e-03
4.318788373108428669e-02
2.637775170268922068e-02
2.637775170268922068e-02
9.261713634348998220e-03
1.913411292326487254e-02
1.913411292326487254e-02
1.913411292326487254e-02
1.913411292326487254e-02
0.000000000000000000e+00
6.755507905315942530e-02
6.755507905315942530e-02
6.755507905315942530e-02
6.755507905315942530e-02
6.755507905315942530e-02
6.755507905315942530e-02
2.328313057781371959e-03
6.544663855422747090e-02
6.544663855422747090e-02
6.544663855422747090e-02
6.544663855422747090e-02
6.544663855422747090e-02
6.544663855422747090e-02
6.544663855422747090e-02
6.544663855422747090e-02
1.078011598908588768e-02
0.000000000000000000e+00
0.000000000000000000e+00
4.142891107847895653e-03
4.142891107847895653e-03
4.142891107847895653e-03
4.142891107847895653e-03
4.142891107847895653e-03
4.142891107847895653e-03
4.142891107847895653e-03
4.142891107847895653e-03
2.624928869832498027e-03
0.000000000000000000e+00
0.000000000000000000e+00
9.656970275243665497e-03
5.308270320710901762e-03
5.308270320710901762e-03
5.308270320710901762e-03
5.308270320710901762e-03
5.793339663661168336e-03
1.859257296363349020e-03
1.948016632783016854e-03
1.129748134985138729e-02
1.129748134985138729e-02
1.720618452261372597e-03
1.829010153925582360e-02
1.829010153925582360e-02
1.829010153925582360e-02
1.829010153925582360e-02
1.829010153925582360e-02
1.829010153925582360e-02
1.274517870706582193e-02
1.274517870706582193e-02
7.401599986359349258e-03
2.390576440265029454e-02
2.390576440265029454e-02
2.390576440265029454e-02
2.390576440265029454e-02
1.675263624277273378e-02
1.948016632783016854e-03
1.078011598908588768e-02
2.007511174568654688e-02
1.675263624277273378e-02
5.793339663661168336e-03
5.793339663661168336e-03
5.793339663661168336e-03
5.793339663661168336e-03
2.976682400330957646e-03
2.007511174568654688e-02
2.007511174568654688e-02
2.007511174568654688e-02
2.007511174568654688e-02
2.007511174568654688e-02
2.007511174568654688e-02
0.000000000000000000e+00
0.000000000000000000e+00
0.000000000000000000e+00
1.294901174115419516e-02
2.217195062997626143e-02
2.217195062997626143e-02
0.000000000000000000e+00
0.000000000000000000e+00
0.000000000000000000e+00
4.149967020748494134e-02
0.000000000000000000e+00
0.000000000000000000e+00
0.000000000000000000e+00
9.817995017378827044e-03
9.817995017378827044e-03
9.817995017378827044e-03
9.817995017378827044e-03
3.146779430423730234e-02
2.338214852445115802e-02
3.277532514791315493e-02
3.277532514791315493e-02
3.277532514791315493e-02
2.338214852445115802e-02
3.146779430423730234e-02
8.878268194730620441e-03
4.695886250144179486e-03
8.478367507885727072e-03
5.559740538075734657e-03
0.000000000000000000e+00
0.000000000000000000e+00
0.000000000000000000e+00
0.000000000000000000e+00
0.000000000000000000e+00
0.000000000000000000e+00
0.000000000000000000e+00
0.000000000000000000e+00
1.486149818587499671e-02
3.273849506287803551e-02
3.273849506287803551e-02
3.273849506287803551e-02
3.273849506287803551e-02
1.392032553355864941e-02
1.392032553355864941e-02
1.392032553355864941e-02
1.392032553355864941e-02
4.692974431942321945e-02
4.692974431942321945e-02
4.337456635999238468e-03
4.337456635999238468e-03
7.985809722494702917e-03
7.985809722494702917e-03
0.000000000000000000e+00
0.000000000000000000e+00
4.676660388439186911e-02
8.077601851453786175e-03
8.077601851453786175e-03
8.077601851453786175e-03
8.077601851453786175e-03
8.077601851453786175e-03
8.077601851453786175e-03
8.077601851453786175e-03
8.077601851453786175e-03
8.077601851453786175e-03
8.077601851453786175e-03
1.459038137497996497e-02
1.459038137497996497e-02
1.459038137497996497e-02
1.459038137497996497e-02
1.104415461063811173e-02
7.702557160162485338e-03
7.702557160162485338e-03
7.702557160162485338e-03
5.915582735177885541e-03
5.915582735177885541e-03
5.915582735177885541e-03
5.915582735177885541e-03
5.915582735177885541e-03
5.915582735177885541e-03
5.915582735177885541e-03
0.000000000000000000e+00
0.000000000000000000e+00
1.356588085890545782e-02
1.356588085890545782e-02
1.356588085890545782e-02
2.328313057781371959e-03
3.653107314740695888e-02
3.653107314740695888e-02
3.653107314740695888e-02
3.653107314740695888e-02
3.653107314740695888e-02
3.653107314740695888e-02
8.910349407511971784e-03
3.294734983965892931e-04
1.204697492939551737e-02
1.204697492939551737e-02
1.204697492939551737e-02
1.204697492939551737e-02
1.204697492939551737e-02
1.204697492939551737e-02
1.204697492939551737e-02
1.204697492939551737e-02
1.204697492939551737e-02
1.204697492939551737e-02
1.204697492939551737e-02
1.204697492939551737e-02
1.204697492939551737e-02
5.604074500849848262e-02
4.793398290025308733e-02
4.793398290025308733e-02
4.379384455374266127e-02
4.793398290025308733e-02
4.793398290025308733e-02
4.793398290025308733e-02
4.793398290025308733e-02
4.793398290025308733e-02
1.289824477012726893e-02
6.245441484844018246e-03
6.245441484844018246e-03
6.245441484844018246e-03
6.245441484844018246e-03
6.245441484844018246e-03
6.245441484844018246e-03
6.245441484844018246e-03
6.245441484844018246e-03
1.317867389648568442e-02
1.317867389648568442e-02
1.102650632946755756e-02
1.102650632946755756e-02
1.102650632946755756e-02
1.102650632946755756e-02
1.102650632946755756e-02
1.102650632946755756e-02
2.684745431646059360e-02
2.684745431646059360e-02
2.684745431646059360e-02
2.684745431646059360e-02
1.263752570229859963e-02
1.692481542735684019e-02
1.004428579073385168e-02
1.420167409741277323e-02
1.420167409741277323e-02
1.420167409741277323e-02
1.420167409741277323e-02
1.420167409741277323e-02
1.420167409741277323e-02
1.420167409741277323e-02
1.420167409741277323e-02
1.420167409741277323e-02
1.420167409741277323e-02
0.000000000000000000e+00
0.000000000000000000e+00
7.263675423616063704e-04
7.263675423616063704e-04
2.349090684937643614e-02
2.349090684937643614e-02
1.966144848289351488e-02
2.349090684937643614e-02
1.966144848289351488e-02
2.387609455087011390e-02
2.387609455087011390e-02
2.387609455087011390e-02
2.387609455087011390e-02
1.263752570229859963e-02
1.263752570229859963e-02
1.263752570229859963e-02
1.713863139703885805e-02
1.713863139703885805e-02
1.713863139703885805e-02
1.713863139703885805e-02
1.713863139703885805e-02
1.713863139703885805e-02
1.713863139703885805e-02
1.713863139703885805e-02
1.713863139703885805e-02
1.713863139703885805e-02
1.713863139703885805e-02
1.713863139703885805e-02
1.713863139703885805e-02
1.713863139703885805e-02
1.713863139703885805e-02
1.713863139703885805e-02
1.861576032292628843e-02
1.861576032292628843e-02
1.926772500794371110e-02
2.414093006488910592e-02
2.414093006488910592e-02
1.489567382340882713e-02
5.899383049559552656e-04
1.926772500794371110e-02
5.899383049559552656e-04
5.899383049559552656e-04
5.899383049559552656e-04
5.899383049559552656e-04
5.899383049559552656e-04
5.899383049559552656e-04
1.720618452261372597e-03
1.720618452261372597e-03
1.720618452261372597e-03
1.720618452261372597e-03
5.604074500849848262e-02
5.604074500849848262e-02
0.000000000000000000e+00
0.000000000000000000e+00
0.000000000000000000e+00
9.261713634348998220e-03
1.034661970099514695e-02
1.034661970099514695e-02
1.034661970099514695e-02
1.034661970099514695e-02
4.134837135107652210e-03
4.134837135107652210e-03
4.134837135107652210e-03
4.134837135107652210e-03
4.134837135107652210e-03
4.134837135107652210e-03
0.000000000000000000e+00
2.501470840638433252e-02
2.125336398089551146e-02
2.125336398089551146e-02
4.149967020748494134e-02
4.149967020748494134e-02
4.149967020748494134e-02
1.374241979807736859e-02
1.374241979807736859e-02
1.374241979807736859e-02
1.374241979807736859e-02
1.374241979807736859e-02
1.374241979807736859e-02
1.969939485662515130e-02
1.969939485662515130e-02
1.969939485662515130e-02
1.969939485662515130e-02
0.000000000000000000e+00
0.000000000000000000e+00
0.000000000000000000e+00
0.000000000000000000e+00
0.000000000000000000e+00
0.000000000000000000e+00
0.000000000000000000e+00
0.000000000000000000e+00
0.000000000000000000e+00
8.197946411516551096e-03
8.197946411516551096e-03
8.197946411516551096e-03
2.670127790816997394e-03
9.335384085072754787e-03
9.335384085072754787e-03
9.335384085072754787e-03
9.335384085072754787e-03
9.335384085072754787e-03
9.335384085072754787e-03
4.318788373108428669e-02
4.318788373108428669e-02
4.318788373108428669e-02
4.318788373108428669e-02
4.318788373108428669e-02
2.670127790816997394e-03
2.670127790816997394e-03
2.670127790816997394e-03
2.670127790816997394e-03
2.670127790816997394e-03
2.670127790816997394e-03
0.000000000000000000e+00
0.000000000000000000e+00
0.000000000000000000e+00
0.000000000000000000e+00
0.000000000000000000e+00
0.000000000000000000e+00
0.000000000000000000e+00
3.412787395114084271e-02
2.192916962593096861e-02
2.192916962593096861e-02
2.192916962593096861e-02
2.192916962593096861e-02
2.192916962593096861e-02
0.000000000000000000e+00
1.624700073140215861e-02
9.165087559384338042e-03
9.165087559384338042e-03
9.165087559384338042e-03
9.165087559384338042e-03
9.165087559384338042e-03
9.165087559384338042e-03
9.165087559384338042e-03
9.165087559384338042e-03
1.486149818587499671e-02
1.486149818587499671e-02
1.486149818587499671e-02
1.486149818587499671e-02
1.486149818587499671e-02
1.486149818587499671e-02
0.000000000000000000e+00
0.000000000000000000e+00
2.910297492951794546e-02
2.897510246883928942e-02
0.000000000000000000e+00
0.000000000000000000e+00
9.261713634348998220e-03
9.261713634348998220e-03
9.261713634348998220e-03
4.535105326645484311e-03
4.535105326645484311e-03
4.535105326645484311e-03
0.000000000000000000e+00
4.379384455374266127e-02
4.379384455374266127e-02
4.379384455374266127e-02
4.379384455374266127e-02
4.379384455374266127e-02
2.144167350613819870e-02
2.144167350613819870e-02
0.000000000000000000e+00
0.000000000000000000e+00
1.596095406876299472e-02
1.596095406876299472e-02
1.596095406876299472e-02
8.910349407511971784e-03
8.910349407511971784e-03
8.910349407511971784e-03
2.121828369131396972e-03
8.517158334881820558e-03
8.517158334881820558e-03
8.517158334881820558e-03
8.517158334881820558e-03
8.517158334881820558e-03
1.723006475887692984e-02
1.723006475887692984e-02
1.723006475887692984e-02
1.723006475887692984e-02
1.624700073140215861e-02
1.624700073140215861e-02
1.247772023665475079e-02
1.247772023665475079e-02
5.343071606074797572e-03
2.285883721937147922e-02
1.388912670299807155e-03
1.388912670299807155e-03
1.388912670299807155e-03
1.388912670299807155e-03
1.388912670299807155e-03
1.388912670299807155e-03
1.388912670299807155e-03
1.388912670299807155e-03
1.388912670299807155e-03
1.388912670299807155e-03
1.388912670299807155e-03
5.343071606074797572e-03
5.343071606074797572e-03
5.343071606074797572e-03
4.850500503636951538e-02
3.901504182757035283e-02
3.901504182757035283e-02
2.140987920574218342e-02
2.140987920574218342e-02
2.140987920574218342e-02
7.401599986359349258e-03
4.676660388439186911e-02
4.676660388439186911e-02
5.559740538075734657e-03
5.559740538075734657e-03
2.662556744113858676e-02
2.662556744113858676e-02
1.004428579073385168e-02
1.004428579073385168e-02
1.503163430246162897e-02
1.694919785143355956e-03
1.694919785143355956e-03
1.694919785143355956e-03
1.694919785143355956e-03
1.694919785143355956e-03
1.694919785143355956e-03
1.694919785143355956e-03
1.694919785143355956e-03
1.644446735465979539e-02
1.644446735465979539e-02
1.644446735465979539e-02
1.644446735465979539e-02
1.104415461063811173e-02
1.104415461063811173e-02
2.501470840638433252e-02
2.501470840638433252e-02
2.501470840638433252e-02
1.562044013197387690e-03
9.394637923490633744e-03
9.394637923490633744e-03
9.394637923490633744e-03
9.394637923490633744e-03
9.394637923490633744e-03
9.394637923490633744e-03
0.000000000000000000e+00
0.000000000000000000e+00
3.585467700620703635e-02
3.585467700620703635e-02
3.585467700620703635e-02
3.585467700620703635e-02
3.585467700620703635e-02
3.585467700620703635e-02
3.585467700620703635e-02
3.585467700620703635e-02
3.715432957658922758e-02
3.715432957658922758e-02
3.715432957658922758e-02
3.715432957658922758e-02
1.335986647680884563e-02
2.260470445976000414e-02
2.260470445976000414e-02
1.906569227606468020e-02
1.906569227606468020e-02
1.906569227606468020e-02
1.906569227606468020e-02
1.906569227606468020e-02
1.906569227606468020e-02
1.906569227606468020e-02
9.656970275243665497e-03
5.612668214516463097e-03
1.289824477012726893e-02
1.289824477012726893e-02
2.980627093837089070e-02
2.980627093837089070e-02
3.412787395114084271e-02
3.412787395114084271e-02
1.503163430246162897e-02
1.503163430246162897e-02
2.910297492951794546e-02
4.850500503636951538e-02
