4.391402433413384848e-02
1.097885537781479771e-02
1.097885537781479771e-02
1.097885537781479771e-02
1.097885537781479771e-02
1.097885537781479771e-02
1.097885537781479771e-02
1.097885537781479771e-02
1.097885537781479771e-02
0.000000000000000000e+00
0.000000000000000000e+00
0.000000000000000000e+00
0.000000000000000000e+00
0.000000000000000000e+00
0.000000000000000000e+00
0.000000000000000000e+00
0.000000000000000000e+00
0.000000000000000000e+00
0.000000000000000000e+00
0.000000000000000000e+00
2.128425570923703214e-02
1.038100830321329535e-02
1.038100830321329535e-02
1.038100830321329535e-02
1.038100830321329535e-02
1.038100830321329535e-02
1.038100830321329535e-02
2.207662311502877738e-03
7.238744359923843415e-04
7.238744359923843415e-04
7.238744359923843415e-04
7.238744359923843415e-04
7.238744359923843415e-04
7.238744359923843415e-04
7.238744359923843415e-04
7.238744359923843415e-04
1.619525404202107029e-03
1.619525404202107029e-03
1.619525404202107029e-03
7.806331871910794553e-04
1.619525404202107029e-03
2.128425570923703214e-02
2.128425570923703214e-02
2.128425570923703214e-02
2.128425570923703214e-02
7.806331871910794553e-04
4.915619547556118832e-05
4.915619547556118832e-05
1.275335326930052311e-02
4.915619547556118832e-05
3.244107113553064935e-03
3.244107113553064935e-03
3.244107113553064935e-03
3.244107113553064935e-03
3.244107113553064935e-03
3.244107113553064935e-03
3.244107113553064935e-03
3.244107113553064935e-03
3.244107113553064935e-03
3.244107113553064935e-03
3.244107113553064935e-03
9.775700459370885583e-05
4.489776369393169014e-02
4.489776369393169014e-02
4.489776369393169014e-02
4.489776369393169014e-02
4.489776369393169014e-02
4.489776369393169014e-02
6.859912035956316177e-03
6.859912035956316177e-03
6.859912035956316177e-03
6.859912035956316177e-03
6.859912035956316177e-03
6.859912035956316177e-03
6.859912035956316177e-03
6.859912035956316177e-03
6.859912035956316177e-03
6.859912035956316177e-03
6.859912035956316177e-03
9.775700459370885583e-05
9.775700459370885583e-05
9.775700459370885583e-05
9.775700459370885583e-05
9.775700459370885583e-05
9.775700459370885583e-05
4.771194362419348307e-03
4.771194362419348307e-03
4.771194362419348307e-03
4.771194362419348307e-03
4.771194362419348307e-03
4.771194362419348307e-03
4.771194362419348307e-03
4.771194362419348307e-03
4.771194362419348307e-03
4.771194362419348307e-03
4.771194362419348307e-03
0.000000000000000000e+00
0.000000000000000000e+00
0.000000000000000000e+00
0.000000000000000000e+00
0.000000000000000000e+00
0.000000000000000000e+00
0.000000000000000000e+00
0.000000000000000000e+00
0.000000000000000000e+00
0.000000000000000000e+00
0.000000000000000000e+00
2.014228960280839073e-02
1.357756869814025213e-02
1.357756869814025213e-02
2.014228960280839073e-02
1.790051842446894331e-02
1.790051842446894331e-02
1.790051842446894331e-02
1.790051842446894331e-02
4.391402433413384848e-02
4.391402433413384848e-02
3.855716758426729063e-02
3.855716758426729063e-02
3.855716758426729063e-02
3.855716758426729063e-02
3.855716758426729063e-02
3.855716758426729063e-02
3.855716758426729063e-02
3.855716758426729063e-02
3.855716758426729063e-02
3.855716758426729063e-02
3.855716758426729063e-02
3.855716758426729063e-02
3.855716758426729063e-02
3.699614170153821095e-03
9.260195296070217533e-03
9.260195296070217533e-03
9.260195296070217533e-03
9.260195296070217533e-03
9.260195296070217533e-03
9.260195296070217533e-03
9.260195296070217533e-03
9.260195296070217533e-03
9.260195296070217533e-03
9.260195296070217533e-03
9.260195296070217533e-03
9.260195296070217533e-03
9.260195296070217533e-03
9.260195296070217533e-03
9.260195296070217533e-03
9.260195296070217533e-03
2.527604897148863841e-02
2.527604897148863841e-02
2.527604897148863841e-02
2.527604897148863841e-02
2.527604897148863841e-02
2.527604897148863841e-02
2.527604897148863841e-02
2.527604897148863841e-02
2.527604897148863841e-02
2.527604897148863841e-02
2.527604897148863841e-02
2.527604897148863841e-02
2.527604897148863841e-02
2.527604897148863841e-02
2.527604897148863841e-02
1.196904624724505310e-02
1.196904624724505310e-02
1.196904624724505310e-02
1.196904624724505310e-02
1.196904624724505310e-02
1.196904624724505310e-02
1.196904624724505310e-02
1.337224800741599814e-02
1.196904624724505310e-02
6.600497027394151438e-05
6.600497027394151438e-05
6.600497027394151438e-05
6.600497027394151438e-05
6.600497027394151438e-05
6.600497027394151438e-05
6.600497027394151438e-05
6.600497027394151438e-05
6.600497027394151438e-05
6.600497027394151438e-05
6.600497027394151438e-05
6.600497027394151438e-05
6.600497027394151438e-05
9.942489816646830555e-03
3.266598575119000758e-02
3.266598575119000758e-02
3.266598575119000758e-02
3.266598575119000758e-02
3.266598575119000758e-02
3.266598575119000758e-02
3.266598575119000758e-02
3.266598575119000758e-02
3.266598575119000758e-02
3.266598575119000758e-02
3.266598575119000758e-02
3.266598575119000758e-02
3.266598575119000758e-02
3.266598575119000758e-02
3.266598575119000758e-02
3.266598575119000758e-02
3.266598575119000758e-02
3.266598575119000758e-02
3.266598575119000758e-02
3.266598575119000758e-02
3.266598575119000758e-02
3.266598575119000758e-02
3.266598575119000758e-02
3.266598575119000758e-02
3.266598575119000758e-02
3.266598575119000758e-02
3.266598575119000758e-02
3.266598575119000758e-02
3.266598575119000758e-02
3.266598575119000758e-02
1.912267352514850430e-02
2.458678316267082914e-02
2.458678316267082914e-02
1.388314681865552083e-02
1.388314681865552083e-02
1.388314681865552083e-02
1.388314681865552083e-02
1.388314681865552083e-02
1.912267352514850430e-02
1.388314681865552083e-02
1.343814640730411208e-02
1.343814640730411208e-02
1.343814640730411208e-02
1.343814640730411208e-02
1.343814640730411208e-02
1.343814640730411208e-02
1.343814640730411208e-02
1.343814640730411208e-02
1.343814640730411208e-02
1.343814640730411208e-02
1.343814640730411208e-02
1.414079771035125013e-02
0.000000000000000000e+00
0.000000000000000000e+00
0.000000000000000000e+00
0.000000000000000000e+00
6.269114047144456851e-03
6.269114047144456851e-03
6.269114047144456851e-03
6.269114047144456851e-03
6.269114047144456851e-03
6.269114047144456851e-03
6.269114047144456851e-03
6.269114047144456851e-03
6.269114047144456851e-03
6.269114047144456851e-03
6.269114047144456851e-03
6.269114047144456851e-03
6.269114047144456851e-03
1.414079771035125013e-02
1.414079771035125013e-02
1.414079771035125013e-02
1.414079771035125013e-02
1.414079771035125013e-02
1.414079771035125013e-02
1.414079771035125013e-02
1.414079771035125013e-02
1.414079771035125013e-02
1.414079771035125013e-02
1.414079771035125013e-02
1.414079771035125013e-02
1.414079771035125013e-02
1.414079771035125013e-02
1.414079771035125013e-02
1.414079771035125013e-02
1.414079771035125013e-02
1.414079771035125013e-02
1.414079771035125013e-02
1.414079771035125013e-02
1.466588761322993456e-02
1.258075653001064324e-02
1.258075653001064324e-02
1.258075653001064324e-02
1.258075653001064324e-02
1.258075653001064324e-02
1.258075653001064324e-02
1.258075653001064324e-02
1.258075653001064324e-02
7.381406721528735275e-03
7.381406721528735275e-03
7.381406721528735275e-03
7.381406721528735275e-03
7.381406721528735275e-03
7.381406721528735275e-03
7.381406721528735275e-03
7.381406721528735275e-03
7.381406721528735275e-03
7.381406721528735275e-03
7.381406721528735275e-03
7.381406721528735275e-03
7.381406721528735275e-03
7.381406721528735275e-03
7.381406721528735275e-03
7.381406721528735275e-03
7.381406721528735275e-03
7.381406721528735275e-03
7.381406721528735275e-03
1.407866301490987189e-02
1.407866301490987189e-02
1.407866301490987189e-02
1.407866301490987189e-02
1.407866301490987189e-02
1.407866301490987189e-02
1.407866301490987189e-02
1.407866301490987189e-02
1.407866301490987189e-02
1.407866301490987189e-02
1.407866301490987189e-02
1.038371113073706907e-02
7.560518922469246228e-02
7.560518922469246228e-02
7.560518922469246228e-02
7.560518922469246228e-02
7.560518922469246228e-02
7.560518922469246228e-02
7.816840084489848307e-04
7.816840084489848307e-04
7.816840084489848307e-04
7.816840084489848307e-04
7.816840084489848307e-04
7.816840084489848307e-04
7.816840084489848307e-04
7.816840084489848307e-04
7.816840084489848307e-04
7.816840084489848307e-04
7.816840084489848307e-04
2.598891902231896707e-03
1.155037339870047287e-02
1.155037339870047287e-02
1.155037339870047287e-02
1.155037339870047287e-02
1.155037339870047287e-02
1.155037339870047287e-02
1.155037339870047287e-02
1.155037339870047287e-02
2.207662311502877738e-03
2.207662311502877738e-03
2.911256182490453218e-02
2.305566756205590026e-02
2.305566756205590026e-02
2.305566756205590026e-02
2.305566756205590026e-02
1.192416164254208460e-02
1.192416164254208460e-02
1.192416164254208460e-02
1.192416164254208460e-02
1.192416164254208460e-02
1.192416164254208460e-02
1.192416164254208460e-02
1.192416164254208460e-02
1.192416164254208460e-02
1.192416164254208460e-02
1.192416164254208460e-02
1.192416164254208460e-02
1.192416164254208460e-02
1.192416164254208460e-02
1.192416164254208460e-02
1.003552572737600145e-02
2.987917127806785991e-02
2.987917127806785991e-02
3.520986564564800546e-03
3.351603882919990032e-03
3.351603882919990032e-03
3.351603882919990032e-03
3.351603882919990032e-03
4.514973721525736977e-03
1.273614926801493793e-03
1.273614926801493793e-03
2.903889850883527041e-03
2.903889850883527041e-03
2.903889850883527041e-03
2.903889850883527041e-03
2.903889850883527041e-03
2.903889850883527041e-03
2.903889850883527041e-03
2.903889850883527041e-03
2.903889850883527041e-03
2.903889850883527041e-03
2.903889850883527041e-03
6.307463082544994409e-03
1.204522606407080684e-02
2.242896191052573193e-02
2.242896191052573193e-02
2.242896191052573193e-02
2.242896191052573193e-02
2.242896191052573193e-02
1.204522606407080684e-02
1.433848753957284693e-02
1.433848753957284693e-02
1.433848753957284693e-02
1.433848753957284693e-02
1.433848753957284693e-02
1.433848753957284693e-02
1.433848753957284693e-02
1.433848753957284693e-02
1.433848753957284693e-02
1.433848753957284693e-02
1.433848753957284693e-02
7.424392579453991878e-03
9.228587619191576386e-03
9.228587619191576386e-03
9.228587619191576386e-03
9.228587619191576386e-03
9.228587619191576386e-03
9.228587619191576386e-03
5.679375936203758142e-03
2.023467960347558048e-02
2.023467960347558048e-02
2.023467960347558048e-02
2.023467960347558048e-02
2.023467960347558048e-02
2.023467960347558048e-02
6.620892789865246743e-04
1.688604772927841322e-02
1.688604772927841322e-02
1.688604772927841322e-02
1.688604772927841322e-02
8.579017033818189114e-03
6.761301550279191080e-03
6.761301550279191080e-03
1.827260700195534882e-02
1.827260700195534882e-02
1.827260700195534882e-02
1.827260700195534882e-02
1.827260700195534882e-02
1.827260700195534882e-02
1.827260700195534882e-02
1.827260700195534882e-02
1.827260700195534882e-02
1.827260700195534882e-02
1.827260700195534882e-02
2.073578324735370071e-03
1.082872467801204663e-05
1.082872467801204663e-05
1.082872467801204663e-05
1.082872467801204663e-05
1.082872467801204663e-05
1.082872467801204663e-05
6.620892789865246743e-04
6.620892789865246743e-04
6.620892789865246743e-04
6.620892789865246743e-04
6.620892789865246743e-04
6.620892789865246743e-04
0.000000000000000000e+00
0.000000000000000000e+00
0.000000000000000000e+00
0.000000000000000000e+00
0.000000000000000000e+00
0.000000000000000000e+00
0.000000000000000000e+00
0.000000000000000000e+00
0.000000000000000000e+00
0.000000000000000000e+00
0.000000000000000000e+00
0.000000000000000000e+00
2.222252146111023882e-02
1.376081371399557988e-02
1.376081371399557988e-02
7.427930962113487960e-03
1.385753128268122844e-02
7.427930962113487960e-03
7.427930962113487960e-03
7.427930962113487960e-03
7.427930962113487960e-03
7.427930962113487960e-03
7.427930962113487960e-03
7.427930962113487960e-03
1.385753128268122844e-02
1.003552572737600145e-02
1.003552572737600145e-02
1.003552572737600145e-02
1.003552572737600145e-02
1.003552572737600145e-02
1.003552572737600145e-02
1.003552572737600145e-02
1.003552572737600145e-02
1.003552572737600145e-02
1.003552572737600145e-02
1.303909323615610842e-02
1.303909323615610842e-02
1.303909323615610842e-02
1.303909323615610842e-02
1.303909323615610842e-02
1.303909323615610842e-02
1.303909323615610842e-02
1.303909323615610842e-02
1.303909323615610842e-02
1.303909323615610842e-02
1.303909323615610842e-02
5.029825262323400770e-03
5.029825262323400770e-03
5.029825262323400770e-03
5.029825262323400770e-03
5.029825262323400770e-03
5.029825262323400770e-03
5.029825262323400770e-03
5.029825262323400770e-03
5.029825262323400770e-03
5.029825262323400770e-03
5.029825262323400770e-03
5.029825262323400770e-03
5.029825262323400770e-03
2.503240196448445511e-03
2.267559200699889935e-02
2.267559200699889935e-02
2.267559200699889935e-02
2.267559200699889935e-02
2.267559200699889935e-02
2.267559200699889935e-02
2.267559200699889935e-02
2.267559200699889935e-02
2.503240196448445511e-03
2.917031802007996957e-03
2.917031802007996957e-03
2.917031802007996957e-03
2.917031802007996957e-03
2.917031802007996957e-03
2.917031802007996957e-03
2.917031802007996957e-03
2.917031802007996957e-03
2.917031802007996957e-03
2.917031802007996957e-03
1.285489368614819820e-02
1.010906421002000059e-02
1.010906421002000059e-02
1.550727320666356150e-02
1.550727320666356150e-02
1.550727320666356150e-02
1.550727320666356150e-02
1.550727320666356150e-02
1.550727320666356150e-02
1.550727320666356150e-02
1.550727320666356150e-02
1.550727320666356150e-02
1.550727320666356150e-02
1.550727320666356150e-02
2.540568932842074065e-02
1.418658820050394329e-02
1.418658820050394329e-02
1.418658820050394329e-02
1.418658820050394329e-02
1.418658820050394329e-02
1.418658820050394329e-02
1.418658820050394329e-02
1.418658820050394329e-02
1.418658820050394329e-02
1.418658820050394329e-02
5.779784815586721039e-04
1.428869981313078859e-02
1.428869981313078859e-02
1.428869981313078859e-02
1.428869981313078859e-02
1.428869981313078859e-02
1.428869981313078859e-02
1.428869981313078859e-02
1.428869981313078859e-02
1.519751932595826910e-03
1.519751932595826910e-03
1.519751932595826910e-03
1.519751932595826910e-03
1.519751932595826910e-03
1.519751932595826910e-03
1.519751932595826910e-03
1.519751932595826910e-03
1.519751932595826910e-03
1.519751932595826910e-03
1.519751932595826910e-03
2.911256182490453218e-02
2.911256182490453218e-02
2.911256182490453218e-02
2.911256182490453218e-02
2.911256182490453218e-02
2.911256182490453218e-02
1.285489368614819820e-02
1.285489368614819820e-02
1.285489368614819820e-02
1.285489368614819820e-02
1.285489368614819820e-02
1.285489368614819820e-02
1.285489368614819820e-02
1.285489368614819820e-02
1.285489368614819820e-02
1.285489368614819820e-02
5.640404953772929462e-03
2.598891902231896707e-03
2.598891902231896707e-03
4.612165274535159031e-03
2.598891902231896707e-03
2.598891902231896707e-03
1.047667115301809809e-02
6.553940155296872003e-03
6.553940155296872003e-03
6.553940155296872003e-03
6.553940155296872003e-03
1.809009206430569824e-02
0.000000000000000000e+00
0.000000000000000000e+00
0.000000000000000000e+00
0.000000000000000000e+00
0.000000000000000000e+00
0.000000000000000000e+00
0.000000000000000000e+00
0.000000000000000000e+00
2.811672405991797255e-02
9.923318873204640955e-03
9.923318873204640955e-03
9.923318873204640955e-03
9.923318873204640955e-03
9.923318873204640955e-03
9.923318873204640955e-03
9.923318873204640955e-03
9.923318873204640955e-03
6.208924791754044485e-03
0.000000000000000000e+00
0.000000000000000000e+00
0.000000000000000000e+00
0.000000000000000000e+00
3.250299783927846579e-03
3.250299783927846579e-03
3.250299783927846579e-03
3.250299783927846579e-03
3.250299783927846579e-03
3.250299783927846579e-03
3.250299783927846579e-03
3.250299783927846579e-03
3.250299783927846579e-03
3.250299783927846579e-03
3.250299783927846579e-03
3.250299783927846579e-03
3.250299783927846579e-03
6.208924791754044485e-03
6.208924791754044485e-03
6.208924791754044485e-03
6.208924791754044485e-03
6.208924791754044485e-03
6.208924791754044485e-03
6.208924791754044485e-03
6.208924791754044485e-03
6.208924791754044485e-03
6.208924791754044485e-03
9.756755674976139636e-04
8.977825938903932074e-03
8.977825938903932074e-03
1.457528023017251942e-02
1.969797320202820723e-02
1.969797320202820723e-02
1.969797320202820723e-02
1.969797320202820723e-02
1.969797320202820723e-02
1.969797320202820723e-02
1.969797320202820723e-02
1.969797320202820723e-02
9.756755674976139636e-04
9.756755674976139636e-04
9.756755674976139636e-04
9.756755674976139636e-04
1.098943772321283804e-02
9.756755674976139636e-04
0.000000000000000000e+00
4.108266779147851794e-02
4.108266779147851794e-02
4.108266779147851794e-02
4.108266779147851794e-02
4.108266779147851794e-02
4.108266779147851794e-02
7.771740059026462609e-03
7.857553755797080930e-03
7.857553755797080930e-03
7.857553755797080930e-03
7.857553755797080930e-03
7.857553755797080930e-03
7.857553755797080930e-03
7.857553755797080930e-03
7.857553755797080930e-03
1.159268425370844208e-02
1.159268425370844208e-02
1.159268425370844208e-02
1.159268425370844208e-02
1.159268425370844208e-02
1.159268425370844208e-02
1.159268425370844208e-02
1.159268425370844208e-02
1.159268425370844208e-02
1.159268425370844208e-02
1.159268425370844208e-02
0.000000000000000000e+00
0.000000000000000000e+00
0.000000000000000000e+00
0.000000000000000000e+00
0.000000000000000000e+00
0.000000000000000000e+00
0.000000000000000000e+00
7.294531042849887632e-03
5.049313936989513474e-03
5.049313936989513474e-03
5.049313936989513474e-03
5.049313936989513474e-03
5.049313936989513474e-03
5.049313936989513474e-03
5.049313936989513474e-03
5.049313936989513474e-03
5.049313936989513474e-03
5.049313936989513474e-03
1.038371113073706907e-02
1.038371113073706907e-02
1.038371113073706907e-02
1.038371113073706907e-02
3.607787036447597517e-02
7.805522266991582990e-03
7.805522266991582990e-03
7.805522266991582990e-03
7.805522266991582990e-03
1.743317921074765200e-02
1.743317921074765200e-02
1.743317921074765200e-02
1.601862008179288574e-02
1.743317921074765200e-02
0.000000000000000000e+00
0.000000000000000000e+00
0.000000000000000000e+00
0.000000000000000000e+00
0.000000000000000000e+00
0.000000000000000000e+00
0.000000000000000000e+00
0.000000000000000000e+00
0.000000000000000000e+00
0.000000000000000000e+00
8.938802141746166052e-03
8.938802141746166052e-03
8.938802141746166052e-03
8.938802141746166052e-03
8.938802141746166052e-03
8.938802141746166052e-03
8.938802141746166052e-03
8.938802141746166052e-03
8.938802141746166052e-03
8.938802141746166052e-03
8.938802141746166052e-03
8.938802141746166052e-03
8.938802141746166052e-03
8.938802141746166052e-03
8.938802141746166052e-03
1.275335326930052311e-02
2.720234846951776701e-03
8.452970959219142238e-03
8.452970959219142238e-03
7.424392579453991878e-03
7.424392579453991878e-03
7.424392579453991878e-03
7.424392579453991878e-03
4.248428568206528110e-03
4.248428568206528110e-03
4.248428568206528110e-03
4.248428568206528110e-03
4.248428568206528110e-03
4.248428568206528110e-03
4.248428568206528110e-03
4.248428568206528110e-03
4.248428568206528110e-03
4.248428568206528110e-03
4.248428568206528110e-03
9.942489816646830555e-03
9.942489816646830555e-03
9.942489816646830555e-03
9.942489816646830555e-03
2.031928028823148935e-02
2.031928028823148935e-02
2.031928028823148935e-02
2.031928028823148935e-02
2.031928028823148935e-02
2.031928028823148935e-02
2.031928028823148935e-02
2.031928028823148935e-02
2.031928028823148935e-02
2.031928028823148935e-02
2.031928028823148935e-02
2.031928028823148935e-02
2.031928028823148935e-02
2.031928028823148935e-02
2.031928028823148935e-02
2.031928028823148935e-02
2.031928028823148935e-02
1.601862008179288574e-02
1.601862008179288574e-02
1.601862008179288574e-02
1.601862008179288574e-02
1.601862008179288574e-02
7.294531042849887632e-03
7.294531042849887632e-03
0.000000000000000000e+00
0.000000000000000000e+00
0.000000000000000000e+00
0.000000000000000000e+00
1.442646988707554402e-02
1.442646988707554402e-02
1.442646988707554402e-02
1.442646988707554402e-02
1.050819212654133250e-02
1.442646988707554402e-02
1.442646988707554402e-02
1.442646988707554402e-02
2.691178488173541646e-04
2.222252146111023882e-02
2.222252146111023882e-02
2.222252146111023882e-02
8.805671003321049323e-03
5.739610623977819091e-03
5.739610623977819091e-03
5.739610623977819091e-03
5.739610623977819091e-03
5.739610623977819091e-03
5.739610623977819091e-03
5.739610623977819091e-03
5.739610623977819091e-03
5.739610623977819091e-03
5.739610623977819091e-03
1.084407226697947473e-02
1.014788340843117810e-03
1.014788340843117810e-03
1.194051457688690907e-02
5.640404953772929462e-03
8.394598177997283223e-03
8.394598177997283223e-03
8.394598177997283223e-03
8.394598177997283223e-03
8.394598177997283223e-03
8.394598177997283223e-03
8.394598177997283223e-03
4.079949176756226224e-03
8.394598177997283223e-03
8.579017033818189114e-03
4.612165274535159031e-03
1.098943772321283804e-02
5.234355098849252999e-03
1.622427138981448599e-04
1.622427138981448599e-04
1.622427138981448599e-04
1.622427138981448599e-04
1.622427138981448599e-04
1.622427138981448599e-04
1.622427138981448599e-04
1.622427138981448599e-04
1.588396159593115711e-02
1.875272194715631863e-02
1.875272194715631863e-02
1.875272194715631863e-02
1.875272194715631863e-02
1.875272194715631863e-02
1.875272194715631863e-02
1.875272194715631863e-02
1.875272194715631863e-02
3.570553469737953144e-03
2.680619480431098781e-02
2.680619480431098781e-02
2.680619480431098781e-02
2.680619480431098781e-02
1.084407226697947473e-02
1.084407226697947473e-02
1.084407226697947473e-02
1.084407226697947473e-02
1.084407226697947473e-02
1.084407226697947473e-02
1.084407226697947473e-02
1.084407226697947473e-02
2.720234846951776701e-03
9.386191784070867586e-03
9.386191784070867586e-03
9.386191784070867586e-03
9.386191784070867586e-03
9.386191784070867586e-03
9.386191784070867586e-03
0.000000000000000000e+00
0.000000000000000000e+00
2.691178488173541646e-04
2.691178488173541646e-04
2.691178488173541646e-04
2.691178488173541646e-04
2.691178488173541646e-04
2.691178488173541646e-04
2.201077363689599858e-02
2.318960130535743444e-02
2.318960130535743444e-02
2.318960130535743444e-02
2.318960130535743444e-02
2.318960130535743444e-02
2.318960130535743444e-02
2.318960130535743444e-02
2.318960130535743444e-02
4.079949176756226224e-03
5.234355098849252999e-03
5.234355098849252999e-03
1.588396159593115711e-02
1.588396159593115711e-02
2.540568932842074065e-02
2.540568932842074065e-02
6.747061394761460877e-03
5.638650728486641062e-03
5.638650728486641062e-03
8.985138193977263224e-03
1.245852940124937691e-02
1.245852940124937691e-02
1.245852940124937691e-02
1.245852940124937691e-02
8.579017033818189114e-03
8.579017033818189114e-03
8.579017033818189114e-03
1.457528023017251942e-02
1.457528023017251942e-02
7.771740059026462609e-03
7.771740059026462609e-03
5.514926511900109830e-04
3.520986564564800546e-03
3.520986564564800546e-03
3.520986564564800546e-03
3.520986564564800546e-03
3.520986564564800546e-03
2.503240196448445511e-03
0.000000000000000000e+00
0.000000000000000000e+00
0.000000000000000000e+00
3.607787036447597517e-02
7.487909539126545548e-03
7.487909539126545548e-03
7.487909539126545548e-03
7.487909539126545548e-03
7.487909539126545548e-03
7.487909539126545548e-03
7.487909539126545548e-03
7.487909539126545548e-03
8.805671003321049323e-03
8.805671003321049323e-03
8.805671003321049323e-03
8.805671003321049323e-03
8.805671003321049323e-03
8.805671003321049323e-03
8.805671003321049323e-03
8.805671003321049323e-03
3.607787036447597517e-02
2.014228960280839073e-02
2.014228960280839073e-02
2.014228960280839073e-02
2.811672405991797255e-02
2.811672405991797255e-02
1.311026615231680736e-02
1.311026615231680736e-02
1.311026615231680736e-02
1.311026615231680736e-02
1.311026615231680736e-02
1.311026615231680736e-02
1.311026615231680736e-02
1.311026615231680736e-02
1.311026615231680736e-02
1.311026615231680736e-02
1.311026615231680736e-02
3.929433847596362019e-05
1.339569366662559519e-02
1.339569366662559519e-02
1.339569366662559519e-02
1.339569366662559519e-02
5.514926511900109830e-04
5.514926511900109830e-04
7.862428169639480713e-03
7.862428169639480713e-03
7.862428169639480713e-03
7.862428169639480713e-03
7.862428169639480713e-03
7.862428169639480713e-03
7.862428169639480713e-03
7.862428169639480713e-03
7.862428169639480713e-03
7.862428169639480713e-03
7.862428169639480713e-03
0.000000000000000000e+00
6.967326095001055881e-03
6.967326095001055881e-03
6.967326095001055881e-03
6.967326095001055881e-03
6.967326095001055881e-03
6.967326095001055881e-03
6.967326095001055881e-03
6.967326095001055881e-03
6.967326095001055881e-03
6.967326095001055881e-03
6.967326095001055881e-03
2.384670381673997114e-02
2.384670381673997114e-02
2.384670381673997114e-02
2.384670381673997114e-02
2.384670381673997114e-02
2.384670381673997114e-02
2.384670381673997114e-02
2.384670381673997114e-02
2.384670381673997114e-02
2.384670381673997114e-02
2.384670381673997114e-02
9.127494939255773737e-03
5.679375936203758142e-03
6.747061394761460877e-03
9.954113691298716732e-03
9.954113691298716732e-03
9.954113691298716732e-03
9.954113691298716732e-03
9.954113691298716732e-03
9.954113691298716732e-03
2.720234846951776701e-03
2.720234846951776701e-03
2.720234846951776701e-03
0.000000000000000000e+00
0.000000000000000000e+00
0.000000000000000000e+00
0.000000000000000000e+00
0.000000000000000000e+00
3.699614170153821095e-03
3.699614170153821095e-03
3.929433847596362019e-05
3.929433847596362019e-05
3.929433847596362019e-05
3.929433847596362019e-05
3.929433847596362019e-05
3.929433847596362019e-05
3.929433847596362019e-05
3.929433847596362019e-05
6.122289721693064193e-03
6.122289721693064193e-03
6.122289721693064193e-03
6.807832210502451830e-04
6.122289721693064193e-03
1.951342672486182372e-02
3.281769756355278067e-02
3.281769756355278067e-02
3.281769756355278067e-02
3.281769756355278067e-02
3.281769756355278067e-02
3.281769756355278067e-02
3.281769756355278067e-02
3.281769756355278067e-02
5.957872532686398805e-03
1.175358035152652796e-02
1.175358035152652796e-02
1.175358035152652796e-02
1.175358035152652796e-02
1.175358035152652796e-02
1.175358035152652796e-02
1.337224800741599814e-02
1.337224800741599814e-02
1.337224800741599814e-02
3.570553469737953144e-03
3.570553469737953144e-03
3.570553469737953144e-03
3.570553469737953144e-03
3.570553469737953144e-03
3.570553469737953144e-03
1.426561140858179956e-02
7.846321982779707075e-04
7.846321982779707075e-04
7.846321982779707075e-04
7.846321982779707075e-04
6.307463082544994409e-03
6.307463082544994409e-03
2.201077363689599858e-02
2.201077363689599858e-02
6.807832210502451830e-04
6.807832210502451830e-04
6.807832210502451830e-04
6.807832210502451830e-04
6.807832210502451830e-04
1.809009206430569824e-02
1.809009206430569824e-02
3.262989513010260828e-02
1.800414411107591553e-02
1.800414411107591553e-02
1.800414411107591553e-02
1.800414411107591553e-02
1.800414411107591553e-02
1.800414411107591553e-02
1.800414411107591553e-02
1.800414411107591553e-02
1.426561140858179956e-02
1.426561140858179956e-02
1.426561140858179956e-02
1.426561140858179956e-02
1.426561140858179956e-02
1.426561140858179956e-02
1.677854977741678397e-02
1.677854977741678397e-02
1.677854977741678397e-02
1.677854977741678397e-02
1.677854977741678397e-02
1.677854977741678397e-02
1.677854977741678397e-02
1.677854977741678397e-02
1.677854977741678397e-02
1.677854977741678397e-02
1.677854977741678397e-02
1.375387463208956745e-02
8.985138193977263224e-03
1.835410484825726260e-02
8.985138193977263224e-03
8.985138193977263224e-03
5.957872532686398805e-03
5.957872532686398805e-03
5.957872532686398805e-03
5.957872532686398805e-03
6.747061394761460877e-03
1.466588761322993456e-02
1.466588761322993456e-02
1.375387463208956745e-02
1.375387463208956745e-02
0.000000000000000000e+00
1.087419438353393053e-02
0.000000000000000000e+00
0.000000000000000000e+00
0.000000000000000000e+00
0.000000000000000000e+00
1.087419438353393053e-02
0.000000000000000000e+00
0.000000000000000000e+00
0.000000000000000000e+00
0.000000000000000000e+00
1.047667115301809809e-02
4.514973721525736977e-03
4.514973721525736977e-03
4.514973721525736977e-03
1.951342672486182372e-02
1.951342672486182372e-02
5.779784815586721039e-04
5.779784815586721039e-04
1.047667115301809809e-02
1.194051457688690907e-02
1.194051457688690907e-02
9.127494939255773737e-03
9.127494939255773737e-03
2.073578324735370071e-03
3.375674948697051855e-03
3.375674948697051855e-03
3.284101275449417823e-02
3.152865503754301996e-02
3.152865503754301996e-02
2.073578324735370071e-03
3.284101275449417823e-02
3.284101275449417823e-02
3.284101275449417823e-02
3.284101275449417823e-02
3.284101275449417823e-02
3.284101275449417823e-02
3.284101275449417823e-02
3.284101275449417823e-02
3.284101275449417823e-02
3.284101275449417823e-02
1.050819212654133250e-02
3.262989513010260828e-02
3.262989513010260828e-02
