9.992153379254013756e-03
1.002862246058835484e-02
1.002862246058835484e-02
1.002862246058835484e-02
1.002862246058835484e-02
1.002862246058835484e-02
1.002862246058835484e-02
1.511902323191801484e-02
1.943242277297912741e-04
1.943242277297912741e-04
8.420827596092132772e-03
1.489889473178189873e-03
1.489889473178189873e-03
1.489889473178189873e-03
1.489889473178189873e-03
1.489889473178189873e-03
1.489889473178189873e-03
1.489889473178189873e-03
1.489889473178189873e-03
1.489889473178189873e-03
1.489889473178189873e-03
1.489889473178189873e-03
1.489889473178189873e-03
1.350132670892466996e-02
3.342991997574268001e-03
3.342991997574268001e-03
0.000000000000000000e+00
0.000000000000000000e+00
0.000000000000000000e+00
0.000000000000000000e+00
0.000000000000000000e+00
0.000000000000000000e+00
0.000000000000000000e+00
0.000000000000000000e+00
0.000000000000000000e+00
0.000000000000000000e+00
0.000000000000000000e+00
0.000000000000000000e+00
0.000000000000000000e+00
0.000000000000000000e+00
0.000000000000000000e+00
0.000000000000000000e+00
0.000000000000000000e+00
0.000000000000000000e+00
0.000000000000000000e+00
1.350132670892466996e-02
1.634325560945723219e-02
1.634325560945723219e-02
1.634325560945723219e-02
1.634325560945723219e-02
1.634325560945723219e-02
1.634325560945723219e-02
2.998950206053825271e-02
2.082404100828914861e-02
2.082404100828914861e-02
2.082404100828914861e-02
2.082404100828914861e-02
2.082404100828914861e-02
2.082404100828914861e-02
2.082404100828914861e-02
2.082404100828914861e-02
2.998950206053825271e-02
2.527301338259862334e-02
2.527301338259862334e-02
6.171853223541024815e-03
6.171853223541024815e-03
6.171853223541024815e-03
6.171853223541024815e-03
6.171853223541024815e-03
6.171853223541024815e-03
6.171853223541024815e-03
6.171853223541024815e-03
6.171853223541024815e-03
6.171853223541024815e-03
6.171853223541024815e-03
0.000000000000000000e+00
0.000000000000000000e+00
0.000000000000000000e+00
0.000000000000000000e+00
0.000000000000000000e+00
0.000000000000000000e+00
0.000000000000000000e+00
0.000000000000000000e+00
0.000000000000000000e+00
0.000000000000000000e+00
0.000000000000000000e+00
0.000000000000000000e+00
0.000000000000000000e+00
1.350132670892466996e-02
1.697538608892472638e-03
1.671647949036672662e-03
1.671647949036672662e-03
1.671647949036672662e-03
1.671647949036672662e-03
1.671647949036672662e-03
1.671647949036672662e-03
1.671647949036672662e-03
1.671647949036672662e-03
5.809997606390323276e-03
7.727018811058201063e-03
7.727018811058201063e-03
7.727018811058201063e-03
7.727018811058201063e-03
7.727018811058201063e-03
7.727018811058201063e-03
7.727018811058201063e-03
7.727018811058201063e-03
4.084075626691262284e-02
4.084075626691262284e-02
4.084075626691262284e-02
4.084075626691262284e-02
4.084075626691262284e-02
4.084075626691262284e-02
4.084075626691262284e-02
4.084075626691262284e-02
4.084075626691262284e-02
4.084075626691262284e-02
4.084075626691262284e-02
4.084075626691262284e-02
0.000000000000000000e+00
0.000000000000000000e+00
0.000000000000000000e+00
0.000000000000000000e+00
0.000000000000000000e+00
1.565915616466950419e-02
1.465061881505007801e-03
1.465061881505007801e-03
1.465061881505007801e-03
1.465061881505007801e-03
1.465061881505007801e-03
1.465061881505007801e-03
1.771177693484345464e-02
1.285031699079463088e-02
1.285031699079463088e-02
1.285031699079463088e-02
1.285031699079463088e-02
2.998950206053825271e-02
1.223600642278809859e-02
8.946829774298170612e-03
8.946829774298170612e-03
5.678429424859880378e-03
3.833300051066659137e-03
3.833300051066659137e-03
3.833300051066659137e-03
3.833300051066659137e-03
3.833300051066659137e-03
3.833300051066659137e-03
7.568319814029131863e-03
8.142260129928758847e-03
8.142260129928758847e-03
8.142260129928758847e-03
8.142260129928758847e-03
8.142260129928758847e-03
8.142260129928758847e-03
8.142260129928758847e-03
8.142260129928758847e-03
8.142260129928758847e-03
8.142260129928758847e-03
8.142260129928758847e-03
8.142260129928758847e-03
8.081744496423431956e-03
1.162743326576647605e-02
1.162743326576647605e-02
1.162743326576647605e-02
1.162743326576647605e-02
1.370694568182972625e-02
1.370694568182972625e-02
1.370694568182972625e-02
1.370694568182972625e-02
1.370694568182972625e-02
1.370694568182972625e-02
1.370694568182972625e-02
1.370694568182972625e-02
1.370694568182972625e-02
1.370694568182972625e-02
1.370694568182972625e-02
5.678429424859880378e-03
5.678429424859880378e-03
5.678429424859880378e-03
5.678429424859880378e-03
1.924581339403789657e-02
8.081744496423431956e-03
8.081744496423431956e-03
8.081744496423431956e-03
1.196762694592491683e-02
1.196762694592491683e-02
1.196762694592491683e-02
1.196762694592491683e-02
1.196762694592491683e-02
1.196762694592491683e-02
1.196762694592491683e-02
1.196762694592491683e-02
1.196762694592491683e-02
1.196762694592491683e-02
1.196762694592491683e-02
1.196762694592491683e-02
1.196762694592491683e-02
1.338490024829136482e-03
4.496648208235975303e-02
4.496648208235975303e-02
4.496648208235975303e-02
4.496648208235975303e-02
4.496648208235975303e-02
4.496648208235975303e-02
1.511013793243680880e-03
1.697538608892472638e-03
1.697538608892472638e-03
1.697538608892472638e-03
1.697538608892472638e-03
1.697538608892472638e-03
1.697538608892472638e-03
1.697538608892472638e-03
3.986003325942868297e-03
6.563911596368965894e-03
6.563911596368965894e-03
6.563911596368965894e-03
6.563911596368965894e-03
6.563911596368965894e-03
6.563911596368965894e-03
1.565915616466950419e-02
1.565915616466950419e-02
1.565915616466950419e-02
1.565915616466950419e-02
1.670422726531567079e-02
0.000000000000000000e+00
0.000000000000000000e+00
5.737071617194181017e-03
1.648941981394628706e-02
5.737071617194181017e-03
1.648941981394628706e-02
1.648941981394628706e-02
1.648941981394628706e-02
1.648941981394628706e-02
1.648941981394628706e-02
1.648941981394628706e-02
1.648941981394628706e-02
5.371338373594411290e-03
2.175068098549245640e-02
5.371338373594411290e-03
5.371338373594411290e-03
5.371338373594411290e-03
5.371338373594411290e-03
5.371338373594411290e-03
1.107350370325928994e-03
1.107350370325928994e-03
1.107350370325928994e-03
1.107350370325928994e-03
1.107350370325928994e-03
1.107350370325928994e-03
1.107350370325928994e-03
1.107350370325928994e-03
1.107350370325928994e-03
1.107350370325928994e-03
1.107350370325928994e-03
2.175068098549245640e-02
2.175068098549245640e-02
2.175068098549245640e-02
0.000000000000000000e+00
0.000000000000000000e+00
0.000000000000000000e+00
0.000000000000000000e+00
0.000000000000000000e+00
0.000000000000000000e+00
0.000000000000000000e+00
0.000000000000000000e+00
0.000000000000000000e+00
0.000000000000000000e+00
0.000000000000000000e+00
0.000000000000000000e+00
0.000000000000000000e+00
2.527307808229750305e-02
7.173147567984036049e-03
7.173147567984036049e-03
7.173147567984036049e-03
7.173147567984036049e-03
7.173147567984036049e-03
7.173147567984036049e-03
7.173147567984036049e-03
7.173147567984036049e-03
6.351021577517069854e-03
7.173147567984036049e-03
1.246229343584876088e-02
1.771177693484345464e-02
1.246229343584876088e-02
1.246229343584876088e-02
1.246229343584876088e-02
2.070105239598320213e-02
2.275357895990936727e-02
2.275357895990936727e-02
2.275357895990936727e-02
2.275357895990936727e-02
2.275357895990936727e-02
2.275357895990936727e-02
1.001103264058078590e-02
5.955124780354134617e-03
5.955124780354134617e-03
5.955124780354134617e-03
5.955124780354134617e-03
1.338490024829136482e-03
1.338490024829136482e-03
1.338490024829136482e-03
1.338490024829136482e-03
1.338490024829136482e-03
1.338490024829136482e-03
1.338490024829136482e-03
1.338490024829136482e-03
1.338490024829136482e-03
1.338490024829136482e-03
1.338490024829136482e-03
1.338490024829136482e-03
3.873637551896179018e-03
3.873637551896179018e-03
3.873637551896179018e-03
3.873637551896179018e-03
3.873637551896179018e-03
3.873637551896179018e-03
3.873637551896179018e-03
3.873637551896179018e-03
3.873637551896179018e-03
3.873637551896179018e-03
3.873637551896179018e-03
1.118905140933964756e-04
1.223600642278809859e-02
1.223600642278809859e-02
1.223600642278809859e-02
4.374587513161517713e-03
4.374587513161517713e-03
4.374587513161517713e-03
4.374587513161517713e-03
4.374587513161517713e-03
4.374587513161517713e-03
4.374587513161517713e-03
4.374587513161517713e-03
4.374587513161517713e-03
4.374587513161517713e-03
4.374587513161517713e-03
4.374587513161517713e-03
4.374587513161517713e-03
0.000000000000000000e+00
1.185730173988150220e-02
1.185730173988150220e-02
1.185730173988150220e-02
1.185730173988150220e-02
1.185730173988150220e-02
1.185730173988150220e-02
1.185730173988150220e-02
1.185730173988150220e-02
1.185730173988150220e-02
1.185730173988150220e-02
1.654243617229890799e-03
2.143349978303987768e-02
1.654243617229890799e-03
2.143349978303987768e-02
2.143349978303987768e-02
2.143349978303987768e-02
2.143349978303987768e-02
2.143349978303987768e-02
2.143349978303987768e-02
2.143349978303987768e-02
9.073678020822897178e-03
2.221061364026389109e-02
2.221061364026389109e-02
2.221061364026389109e-02
2.221061364026389109e-02
2.221061364026389109e-02
2.221061364026389109e-02
2.221061364026389109e-02
2.221061364026389109e-02
2.221061364026389109e-02
2.221061364026389109e-02
2.221061364026389109e-02
2.221061364026389109e-02
2.221061364026389109e-02
2.221061364026389109e-02
2.429606706836843003e-02
9.359003014909143001e-04
9.359003014909143001e-04
9.359003014909143001e-04
9.359003014909143001e-04
9.359003014909143001e-04
9.359003014909143001e-04
5.022950130485415859e-03
5.760964250399216481e-03
5.760964250399216481e-03
5.760964250399216481e-03
5.760964250399216481e-03
5.760964250399216481e-03
5.760964250399216481e-03
5.760964250399216481e-03
5.760964250399216481e-03
5.760964250399216481e-03
5.760964250399216481e-03
5.760964250399216481e-03
5.760964250399216481e-03
5.760964250399216481e-03
5.760964250399216481e-03
5.760964250399216481e-03
5.760964250399216481e-03
5.760964250399216481e-03
5.760964250399216481e-03
5.760964250399216481e-03
5.760964250399216481e-03
5.760964250399216481e-03
5.760964250399216481e-03
7.568319814029131863e-03
7.568319814029131863e-03
7.568319814029131863e-03
7.568319814029131863e-03
7.568319814029131863e-03
7.568319814029131863e-03
7.568319814029131863e-03
7.568319814029131863e-03
7.568319814029131863e-03
7.568319814029131863e-03
7.568319814029131863e-03
7.568319814029131863e-03
7.568319814029131863e-03
7.568319814029131863e-03
1.217216945079179283e-02
1.217216945079179283e-02
1.217216945079179283e-02
1.217216945079179283e-02
1.217216945079179283e-02
1.217216945079179283e-02
1.217216945079179283e-02
1.217216945079179283e-02
1.217216945079179283e-02
1.217216945079179283e-02
1.217216945079179283e-02
1.067934941181394350e-02
1.280232330582434241e-02
1.280232330582434241e-02
1.280232330582434241e-02
1.280232330582434241e-02
1.280232330582434241e-02
1.280232330582434241e-02
1.280232330582434241e-02
1.280232330582434241e-02
1.280232330582434241e-02
1.280232330582434241e-02
1.280232330582434241e-02
1.280232330582434241e-02
6.458870262792710572e-03
1.402371570631778808e-02
1.402371570631778808e-02
1.402371570631778808e-02
1.402371570631778808e-02
1.402371570631778808e-02
1.402371570631778808e-02
1.402371570631778808e-02
1.402371570631778808e-02
1.796465875860668235e-02
1.548405191524940792e-02
1.548405191524940792e-02
1.548405191524940792e-02
1.548405191524940792e-02
1.548405191524940792e-02
1.548405191524940792e-02
1.548405191524940792e-02
1.548405191524940792e-02
1.179618342523529317e-02
1.238761897721999891e-02
1.238761897721999891e-02
1.238761897721999891e-02
1.238761897721999891e-02
1.238761897721999891e-02
1.238761897721999891e-02
1.238761897721999891e-02
1.238761897721999891e-02
1.238761897721999891e-02
1.238761897721999891e-02
1.238761897721999891e-02
1.238761897721999891e-02
1.238761897721999891e-02
1.238761897721999891e-02
8.681492342272141907e-03
1.796465875860668235e-02
1.796465875860668235e-02
1.796465875860668235e-02
0.000000000000000000e+00
0.000000000000000000e+00
0.000000000000000000e+00
0.000000000000000000e+00
0.000000000000000000e+00
1.642467518727329032e-02
3.473162355164493426e-02
3.473162355164493426e-02
3.473162355164493426e-02
3.473162355164493426e-02
3.473162355164493426e-02
3.473162355164493426e-02
5.146017695369591027e-03
1.174200717922747016e-02
5.146017695369591027e-03
5.146017695369591027e-03
5.146017695369591027e-03
5.146017695369591027e-03
5.146017695369591027e-03
5.146017695369591027e-03
5.146017695369591027e-03
5.146017695369591027e-03
5.146017695369591027e-03
5.146017695369591027e-03
5.146017695369591027e-03
1.174200717922747016e-02
1.067934941181394350e-02
1.067934941181394350e-02
1.067934941181394350e-02
1.067934941181394350e-02
7.422053442755430046e-03
7.473977286458965627e-03
7.473977286458965627e-03
5.700627399637122651e-03
7.473977286458965627e-03
8.420827596092132772e-03
6.533637555536601221e-03
6.533637555536601221e-03
6.533637555536601221e-03
6.533637555536601221e-03
6.458870262792710572e-03
6.458870262792710572e-03
6.660674078715130009e-03
6.660674078715130009e-03
6.660674078715130009e-03
6.660674078715130009e-03
6.660674078715130009e-03
6.660674078715130009e-03
6.660674078715130009e-03
6.660674078715130009e-03
6.660674078715130009e-03
6.660674078715130009e-03
6.660674078715130009e-03
1.077696655890576262e-02
1.077696655890576262e-02
1.077696655890576262e-02
1.077696655890576262e-02
1.077696655890576262e-02
1.077696655890576262e-02
1.077696655890576262e-02
1.077696655890576262e-02
1.077696655890576262e-02
1.077696655890576262e-02
1.077696655890576262e-02
2.991940937475630769e-03
2.991940937475630769e-03
2.991940937475630769e-03
2.991940937475630769e-03
2.991940937475630769e-03
2.991940937475630769e-03
2.991940937475630769e-03
2.991940937475630769e-03
2.991940937475630769e-03
2.991940937475630769e-03
2.991940937475630769e-03
2.991940937475630769e-03
2.991940937475630769e-03
2.991940937475630769e-03
2.991940937475630769e-03
2.991940937475630769e-03
2.991940937475630769e-03
2.991940937475630769e-03
2.991940937475630769e-03
2.070105239598320213e-02
2.070105239598320213e-02
2.070105239598320213e-02
2.070105239598320213e-02
3.906307527131105267e-02
1.271457475258314963e-02
1.271457475258314963e-02
1.271457475258314963e-02
1.271457475258314963e-02
1.271457475258314963e-02
1.271457475258314963e-02
1.271457475258314963e-02
1.271457475258314963e-02
1.271457475258314963e-02
1.271457475258314963e-02
1.271457475258314963e-02
1.271457475258314963e-02
1.209343950884612939e-02
7.819302279805987171e-04
7.819302279805987171e-04
7.819302279805987171e-04
7.819302279805987171e-04
7.819302279805987171e-04
7.819302279805987171e-04
7.819302279805987171e-04
7.819302279805987171e-04
9.073678020822897178e-03
9.073678020822897178e-03
8.681492342272141907e-03
8.681492342272141907e-03
0.000000000000000000e+00
0.000000000000000000e+00
0.000000000000000000e+00
0.000000000000000000e+00
0.000000000000000000e+00
0.000000000000000000e+00
0.000000000000000000e+00
0.000000000000000000e+00
0.000000000000000000e+00
3.986003325942868297e-03
5.412149251652387076e-03
5.412149251652387076e-03
5.910422452291337440e-03
1.001103264058078590e-02
1.001103264058078590e-02
1.001103264058078590e-02
4.700376376267649016e-03
4.700376376267649016e-03
4.700376376267649016e-03
4.700376376267649016e-03
4.700376376267649016e-03
4.700376376267649016e-03
4.700376376267649016e-03
4.700376376267649016e-03
4.700376376267649016e-03
4.700376376267649016e-03
4.700376376267649016e-03
3.986003325942868297e-03
3.345885766077245221e-02
2.527307808229750305e-02
5.022950130485415859e-03
5.022950130485415859e-03
7.422053442755430046e-03
7.422053442755430046e-03
3.356263002277531417e-03
6.951420655504575788e-03
6.951420655504575788e-03
6.951420655504575788e-03
6.951420655504575788e-03
0.000000000000000000e+00
4.694756583334105428e-03
4.694756583334105428e-03
4.694756583334105428e-03
4.694756583334105428e-03
1.118905140933964756e-04
1.118905140933964756e-04
1.118905140933964756e-04
1.118905140933964756e-04
0.000000000000000000e+00
0.000000000000000000e+00
0.000000000000000000e+00
0.000000000000000000e+00
0.000000000000000000e+00
8.420827596092132772e-03
3.906307527131105267e-02
3.906307527131105267e-02
2.429606706836843003e-02
1.085628971756579138e-02
1.085628971756579138e-02
1.670422726531567079e-02
4.871887158888433406e-02
4.871887158888433406e-02
4.871887158888433406e-02
4.871887158888433406e-02
4.871887158888433406e-02
4.871887158888433406e-02
0.000000000000000000e+00
1.642467518727329032e-02
1.642467518727329032e-02
1.642467518727329032e-02
1.642467518727329032e-02
1.642467518727329032e-02
1.642467518727329032e-02
0.000000000000000000e+00
0.000000000000000000e+00
0.000000000000000000e+00
5.700627399637122651e-03
5.700627399637122651e-03
5.700627399637122651e-03
3.986192076271609375e-02
4.339840989318491382e-02
4.339840989318491382e-02
4.339840989318491382e-02
4.339840989318491382e-02
0.000000000000000000e+00
0.000000000000000000e+00
0.000000000000000000e+00
0.000000000000000000e+00
0.000000000000000000e+00
0.000000000000000000e+00
0.000000000000000000e+00
0.000000000000000000e+00
0.000000000000000000e+00
0.000000000000000000e+00
4.149737888653548014e-03
4.149737888653548014e-03
4.149737888653548014e-03
4.149737888653548014e-03
3.986192076271609375e-02
0.000000000000000000e+00
0.000000000000000000e+00
0.000000000000000000e+00
0.000000000000000000e+00
0.000000000000000000e+00
0.000000000000000000e+00
1.866318366640812992e-02
1.866318366640812992e-02
1.866318366640812992e-02
1.866318366640812992e-02
1.866318366640812992e-02
1.866318366640812992e-02
1.866318366640812992e-02
1.866318366640812992e-02
1.866318366640812992e-02
1.866318366640812992e-02
1.866318366640812992e-02
1.924581339403789657e-02
1.924581339403789657e-02
9.992153379254013756e-03
1.511902323191801484e-02
0.000000000000000000e+00
0.000000000000000000e+00
0.000000000000000000e+00
0.000000000000000000e+00
0.000000000000000000e+00
0.000000000000000000e+00
0.000000000000000000e+00
0.000000000000000000e+00
0.000000000000000000e+00
5.910422452291337440e-03
5.910422452291337440e-03
0.000000000000000000e+00
3.345885766077245221e-02
3.345885766077245221e-02
1.670422726531567079e-02
1.179618342523529317e-02
1.179618342523529317e-02
1.675817725797658364e-02
5.809997606390323276e-03
3.986192076271609375e-02
1.209343950884612939e-02
1.209343950884612939e-02
1.618146823985274277e-02
3.069332701229292304e-02
3.069332701229292304e-02
0.000000000000000000e+00
1.618146823985274277e-02
1.618146823985274277e-02
1.618146823985274277e-02
1.618146823985274277e-02
1.618146823985274277e-02
1.618146823985274277e-02
1.618146823985274277e-02
1.618146823985274277e-02
0.000000000000000000e+00
0.000000000000000000e+00
0.000000000000000000e+00
4.294859546030848838e-03
7.639595454535418745e-03
7.639595454535418745e-03
2.429606706836843003e-02
2.429606706836843003e-02
2.429606706836843003e-02
3.012487035426059004e-04
2.698457521843201576e-02
2.698457521843201576e-02
4.518722350646904064e-03
2.698457521843201576e-02
2.698457521843201576e-02
2.698457521843201576e-02
1.675817725797658364e-02
1.807313171125211199e-02
1.807313171125211199e-02
4.294859546030848838e-03
3.356263002277531417e-03
4.294859546030848838e-03
4.294859546030848838e-03
4.294859546030848838e-03
1.511013793243680880e-03
1.511013793243680880e-03
4.518722350646904064e-03
0.000000000000000000e+00
0.000000000000000000e+00
0.000000000000000000e+00
1.675817725797658364e-02
6.351021577517069854e-03
0.000000000000000000e+00
0.000000000000000000e+00
3.012487035426059004e-04
3.012487035426059004e-04
