7.502076501432312222e-03
7.502076501432312222e-03
7.502076501432312222e-03
7.502076501432312222e-03
7.502076501432312222e-03
7.502076501432312222e-03
7.502076501432312222e-03
7.502076501432312222e-03
7.502076501432312222e-03
7.502076501432312222e-03
7.502076501432312222e-03
7.502076501432312222e-03
7.502076501432312222e-03
7.502076501432312222e-03
7.502076501432312222e-03
3.477984361792617828e-04
1.397449589817805621e-02
1.397449589817805621e-02
1.397449589817805621e-02
1.397449589817805621e-02
1.397449589817805621e-02
1.397449589817805621e-02
1.397449589817805621e-02
1.397449589817805621e-02
1.397449589817805621e-02
1.397449589817805621e-02
1.397449589817805621e-02
1.397449589817805621e-02
1.397449589817805621e-02
1.397449589817805621e-02
7.739977190752570305e-03
7.739977190752570305e-03
7.739977190752570305e-03
7.739977190752570305e-03
7.739977190752570305e-03
7.739977190752570305e-03
7.739977190752570305e-03
7.739977190752570305e-03
7.739977190752570305e-03
7.739977190752570305e-03
7.739977190752570305e-03
7.739977190752570305e-03
7.739977190752570305e-03
7.739977190752570305e-03
7.739977190752570305e-03
7.739977190752570305e-03
7.739977190752570305e-03
7.739977190752570305e-03
7.739977190752570305e-03
7.739977190752570305e-03
7.739977190752570305e-03
7.739977190752570305e-03
7.739977190752570305e-03
8.386520573811237847e-03
2.411098888529550691e-02
2.411098888529550691e-02
2.992628025754122574e-03
2.992628025754122574e-03
2.992628025754122574e-03
2.992628025754122574e-03
2.992628025754122574e-03
2.992628025754122574e-03
2.992628025754122574e-03
2.992628025754122574e-03
2.992628025754122574e-03
2.992628025754122574e-03
2.992628025754122574e-03
1.290194567212858863e-02
1.639151640541071028e-02
1.116112794162299124e-02
1.116112794162299124e-02
1.116112794162299124e-02
1.290194567212858863e-02
1.116112794162299124e-02
1.639151640541071028e-02
8.386520573811237847e-03
5.748603681188959973e-03
5.748603681188959973e-03
5.748603681188959973e-03
5.748603681188959973e-03
1.417535657860155042e-02
1.417535657860155042e-02
1.417535657860155042e-02
1.417535657860155042e-02
1.417535657860155042e-02
1.417535657860155042e-02
1.417535657860155042e-02
1.417535657860155042e-02
1.417535657860155042e-02
1.417535657860155042e-02
1.417535657860155042e-02
1.417535657860155042e-02
1.417535657860155042e-02
1.417535657860155042e-02
1.417535657860155042e-02
1.417535657860155042e-02
1.417535657860155042e-02
7.499369250789424471e-03
3.733276241187919245e-04
3.733276241187919245e-04
3.733276241187919245e-04
3.733276241187919245e-04
3.733276241187919245e-04
3.733276241187919245e-04
4.053414467301129516e-04
4.053414467301129516e-04
4.053414467301129516e-04
4.053414467301129516e-04
4.053414467301129516e-04
4.053414467301129516e-04
4.053414467301129516e-04
4.053414467301129516e-04
4.053414467301129516e-04
4.053414467301129516e-04
4.053414467301129516e-04
4.053414467301129516e-04
4.053414467301129516e-04
4.053414467301129516e-04
4.053414467301129516e-04
4.053414467301129516e-04
4.053414467301129516e-04
1.702301128291127535e-02
1.702301128291127535e-02
1.702301128291127535e-02
1.702301128291127535e-02
1.702301128291127535e-02
1.702301128291127535e-02
1.702301128291127535e-02
1.702301128291127535e-02
1.702301128291127535e-02
1.702301128291127535e-02
1.702301128291127535e-02
1.607719436649657913e-02
1.607719436649657913e-02
1.607719436649657913e-02
1.607719436649657913e-02
1.607719436649657913e-02
1.607719436649657913e-02
1.607719436649657913e-02
1.607719436649657913e-02
1.607719436649657913e-02
1.607719436649657913e-02
1.607719436649657913e-02
1.607719436649657913e-02
1.607719436649657913e-02
0.000000000000000000e+00
0.000000000000000000e+00
0.000000000000000000e+00
7.499369250789424471e-03
7.499369250789424471e-03
7.499369250789424471e-03
7.499369250789424471e-03
0.000000000000000000e+00
2.223009820787877344e-02
2.223009820787877344e-02
2.223009820787877344e-02
2.223009820787877344e-02
2.223009820787877344e-02
2.223009820787877344e-02
2.223009820787877344e-02
2.223009820787877344e-02
2.223009820787877344e-02
2.223009820787877344e-02
2.923090211394537355e-02
3.447696997858121747e-04
3.447696997858121747e-04
3.447696997858121747e-04
3.447696997858121747e-04
3.447696997858121747e-04
3.447696997858121747e-04
3.447696997858121747e-04
3.447696997858121747e-04
3.447696997858121747e-04
3.447696997858121747e-04
4.920836744256356678e-03
3.447696997858121747e-04
1.737740957371903400e-02
2.028400853328662934e-02
2.028400853328662934e-02
2.028400853328662934e-02
2.028400853328662934e-02
2.028400853328662934e-02
2.028400853328662934e-02
1.408847569927394044e-02
1.408847569927394044e-02
1.408847569927394044e-02
1.408847569927394044e-02
1.408847569927394044e-02
1.408847569927394044e-02
1.408847569927394044e-02
1.408847569927394044e-02
1.408847569927394044e-02
1.408847569927394044e-02
1.408847569927394044e-02
2.078693176445841131e-02
2.078693176445841131e-02
2.078693176445841131e-02
2.078693176445841131e-02
2.078693176445841131e-02
2.078693176445841131e-02
2.078693176445841131e-02
2.078693176445841131e-02
2.078693176445841131e-02
2.078693176445841131e-02
2.078693176445841131e-02
2.078693176445841131e-02
2.078693176445841131e-02
2.078693176445841131e-02
2.078693176445841131e-02
2.078693176445841131e-02
2.078693176445841131e-02
0.000000000000000000e+00
0.000000000000000000e+00
0.000000000000000000e+00
4.920836744256356678e-03
9.416201707849674403e-04
4.723501341378950891e-03
4.723501341378950891e-03
4.723501341378950891e-03
4.723501341378950891e-03
0.000000000000000000e+00
1.361516938574123918e-02
1.361516938574123918e-02
1.361516938574123918e-02
1.361516938574123918e-02
1.361516938574123918e-02
1.361516938574123918e-02
2.377600775047865322e-02
2.680237918906181946e-02
2.680237918906181946e-02
9.416201707849674403e-04
9.416201707849674403e-04
9.416201707849674403e-04
9.416201707849674403e-04
9.416201707849674403e-04
9.416201707849674403e-04
1.090144527869352058e-02
4.543195245028942321e-03
4.543195245028942321e-03
4.543195245028942321e-03
4.543195245028942321e-03
4.543195245028942321e-03
4.543195245028942321e-03
4.543195245028942321e-03
4.543195245028942321e-03
2.377600775047865322e-02
2.377600775047865322e-02
2.377600775047865322e-02
2.377600775047865322e-02
2.377600775047865322e-02
2.377600775047865322e-02
2.377600775047865322e-02
2.377600775047865322e-02
0.000000000000000000e+00
0.000000000000000000e+00
0.000000000000000000e+00
0.000000000000000000e+00
0.000000000000000000e+00
0.000000000000000000e+00
0.000000000000000000e+00
0.000000000000000000e+00
0.000000000000000000e+00
4.279341668894870443e-02
3.647572924499702801e-02
3.647572924499702801e-02
2.960686027649146734e-02
2.960686027649146734e-02
2.960686027649146734e-02
2.960686027649146734e-02
2.960686027649146734e-02
3.518792722353249192e-02
2.960686027649146734e-02
2.960686027649146734e-02
2.960686027649146734e-02
3.518792722353249192e-02
8.821448753144871952e-04
8.821448753144871952e-04
8.821448753144871952e-04
8.821448753144871952e-04
8.821448753144871952e-04
8.821448753144871952e-04
8.821448753144871952e-04
8.821448753144871952e-04
8.821448753144871952e-04
8.821448753144871952e-04
8.821448753144871952e-04
8.821448753144871952e-04
8.821448753144871952e-04
8.821448753144871952e-04
8.821448753144871952e-04
8.821448753144871952e-04
8.821448753144871952e-04
8.821448753144871952e-04
8.821448753144871952e-04
8.821448753144871952e-04
8.821448753144871952e-04
8.821448753144871952e-04
8.821448753144871952e-04
8.821448753144871952e-04
8.821448753144871952e-04
8.821448753144871952e-04
8.821448753144871952e-04
8.821448753144871952e-04
8.821448753144871952e-04
8.821448753144871952e-04
8.821448753144871952e-04
8.821448753144871952e-04
8.821448753144871952e-04
8.821448753144871952e-04
8.821448753144871952e-04
2.180900897359612511e-02
2.180900897359612511e-02
2.180900897359612511e-02
2.180900897359612511e-02
2.180900897359612511e-02
2.180900897359612511e-02
2.180900897359612511e-02
2.180900897359612511e-02
2.180900897359612511e-02
2.180900897359612511e-02
2.180900897359612511e-02
2.180900897359612511e-02
2.180900897359612511e-02
2.180900897359612511e-02
2.180900897359612511e-02
4.578443402065170142e-02
3.624582974212996189e-02
3.624582974212996189e-02
3.624582974212996189e-02
3.624582974212996189e-02
2.621873692225001884e-02
2.541795359831268419e-02
2.541795359831268419e-02
2.541795359831268419e-02
2.541795359831268419e-02
2.541795359831268419e-02
2.541795359831268419e-02
4.391448034211545975e-03
8.433486702500308380e-03
8.433486702500308380e-03
8.433486702500308380e-03
8.433486702500308380e-03
8.433486702500308380e-03
8.433486702500308380e-03
8.433486702500308380e-03
8.433486702500308380e-03
8.433486702500308380e-03
8.433486702500308380e-03
8.433486702500308380e-03
8.433486702500308380e-03
8.433486702500308380e-03
8.433486702500308380e-03
4.578443402065170142e-02
3.273453287939027956e-02
3.273453287939027956e-02
3.273453287939027956e-02
3.273453287939027956e-02
2.438645309578077805e-02
3.261990348770626297e-02
3.261990348770626297e-02
3.261990348770626297e-02
3.261990348770626297e-02
2.140688121562662680e-02
8.873739027979913804e-03
8.873739027979913804e-03
1.240836000853985134e-02
2.393879040657670085e-02
2.393879040657670085e-02
2.393879040657670085e-02
2.393879040657670085e-02
1.368938801429797278e-02
8.554192912671887026e-04
8.554192912671887026e-04
8.554192912671887026e-04
8.554192912671887026e-04
3.477984361792617828e-04
3.477984361792617828e-04
7.521170330832902505e-03
1.368938801429797278e-02
1.240836000853985134e-02
1.240836000853985134e-02
1.240836000853985134e-02
1.240836000853985134e-02
1.240836000853985134e-02
1.240836000853985134e-02
1.240836000853985134e-02
1.240836000853985134e-02
7.521170330832902505e-03
7.521170330832902505e-03
7.521170330832902505e-03
7.521170330832902505e-03
7.521170330832902505e-03
7.521170330832902505e-03
1.146071548820421122e-02
1.146071548820421122e-02
1.146071548820421122e-02
1.146071548820421122e-02
1.146071548820421122e-02
1.146071548820421122e-02
1.146071548820421122e-02
1.146071548820421122e-02
1.146071548820421122e-02
1.146071548820421122e-02
1.146071548820421122e-02
1.146071548820421122e-02
1.146071548820421122e-02
0.000000000000000000e+00
0.000000000000000000e+00
0.000000000000000000e+00
0.000000000000000000e+00
0.000000000000000000e+00
0.000000000000000000e+00
0.000000000000000000e+00
0.000000000000000000e+00
0.000000000000000000e+00
0.000000000000000000e+00
0.000000000000000000e+00
4.922005046917162126e-03
4.922005046917162126e-03
4.922005046917162126e-03
4.922005046917162126e-03
4.922005046917162126e-03
4.922005046917162126e-03
4.922005046917162126e-03
4.922005046917162126e-03
4.922005046917162126e-03
4.922005046917162126e-03
4.922005046917162126e-03
6.023640616497602561e-04
6.023640616497602561e-04
6.023640616497602561e-04
6.023640616497602561e-04
6.023640616497602561e-04
6.023640616497602561e-04
6.023640616497602561e-04
6.023640616497602561e-04
6.023640616497602561e-04
6.023640616497602561e-04
6.023640616497602561e-04
3.737722930642548708e-02
3.737722930642548708e-02
3.737722930642548708e-02
3.737722930642548708e-02
3.737722930642548708e-02
3.737722930642548708e-02
3.737722930642548708e-02
3.737722930642548708e-02
3.737722930642548708e-02
3.737722930642548708e-02
3.737722930642548708e-02
3.737722930642548708e-02
3.737722930642548708e-02
3.737722930642548708e-02
3.737722930642548708e-02
3.737722930642548708e-02
3.737722930642548708e-02
1.063907588124150989e-02
2.963007507337140495e-02
2.963007507337140495e-02
2.963007507337140495e-02
2.963007507337140495e-02
2.963007507337140495e-02
2.963007507337140495e-02
2.963007507337140495e-02
2.963007507337140495e-02
2.963007507337140495e-02
2.963007507337140495e-02
0.000000000000000000e+00
0.000000000000000000e+00
0.000000000000000000e+00
0.000000000000000000e+00
0.000000000000000000e+00
4.022243236922546684e-03
4.022243236922546684e-03
4.022243236922546684e-03
4.022243236922546684e-03
4.022243236922546684e-03
4.022243236922546684e-03
4.022243236922546684e-03
4.022243236922546684e-03
4.022243236922546684e-03
4.022243236922546684e-03
4.022243236922546684e-03
4.022243236922546684e-03
4.022243236922546684e-03
4.022243236922546684e-03
4.022243236922546684e-03
0.000000000000000000e+00
0.000000000000000000e+00
0.000000000000000000e+00
0.000000000000000000e+00
0.000000000000000000e+00
4.995364518566684092e-02
2.354607564886363261e-02
2.354607564886363261e-02
4.995364518566684092e-02
2.113582980584569754e-02
2.113582980584569754e-02
2.113582980584569754e-02
2.113582980584569754e-02
2.113582980584569754e-02
2.113582980584569754e-02
2.721100759892190052e-02
4.107188825099329903e-04
4.107188825099329903e-04
4.107188825099329903e-04
4.107188825099329903e-04
4.107188825099329903e-04
4.107188825099329903e-04
4.107188825099329903e-04
4.107188825099329903e-04
4.107188825099329903e-04
4.107188825099329903e-04
7.405731685762671941e-03
7.405731685762671941e-03
7.405731685762671941e-03
7.405731685762671941e-03
7.405731685762671941e-03
7.405731685762671941e-03
7.405731685762671941e-03
7.405731685762671941e-03
7.405731685762671941e-03
7.405731685762671941e-03
7.405731685762671941e-03
1.832132352638842984e-02
1.946770843145251631e-02
1.946770843145251631e-02
1.946770843145251631e-02
1.946770843145251631e-02
1.200840647406070313e-02
1.200840647406070313e-02
1.200840647406070313e-02
1.200840647406070313e-02
1.200840647406070313e-02
1.200840647406070313e-02
1.200840647406070313e-02
1.200840647406070313e-02
1.200840647406070313e-02
1.200840647406070313e-02
1.200840647406070313e-02
0.000000000000000000e+00
0.000000000000000000e+00
7.191886274873138252e-02
5.493937396796177985e-02
5.493937396796177985e-02
5.493937396796177985e-02
5.493937396796177985e-02
2.407572748277795119e-02
3.577285805678025177e-02
3.577285805678025177e-02
3.577285805678025177e-02
3.577285805678025177e-02
5.097702068777638061e-03
1.010941511784679099e-03
1.010941511784679099e-03
1.010941511784679099e-03
1.010941511784679099e-03
1.010941511784679099e-03
1.010941511784679099e-03
1.010941511784679099e-03
1.010941511784679099e-03
1.010941511784679099e-03
1.010941511784679099e-03
2.062554026643877072e-03
2.062554026643877072e-03
2.062554026643877072e-03
2.062554026643877072e-03
2.062554026643877072e-03
2.062554026643877072e-03
2.062554026643877072e-03
2.062554026643877072e-03
2.062554026643877072e-03
2.062554026643877072e-03
2.062554026643877072e-03
6.867047775092784481e-03
0.000000000000000000e+00
0.000000000000000000e+00
4.738565025698720200e-03
1.016742262563252210e-02
4.738565025698720200e-03
1.016742262563252210e-02
1.016742262563252210e-02
1.016742262563252210e-02
1.016742262563252210e-02
1.016742262563252210e-02
1.016742262563252210e-02
1.016742262563252210e-02
1.305380058445651775e-04
1.041049482589630204e-02
1.041049482589630204e-02
1.041049482589630204e-02
1.041049482589630204e-02
1.041049482589630204e-02
1.041049482589630204e-02
1.412529651021404535e-02
1.412529651021404535e-02
1.412529651021404535e-02
1.412529651021404535e-02
1.412529651021404535e-02
1.412529651021404535e-02
1.412529651021404535e-02
1.412529651021404535e-02
1.412529651021404535e-02
1.412529651021404535e-02
1.412529651021404535e-02
1.412529651021404535e-02
1.412529651021404535e-02
0.000000000000000000e+00
0.000000000000000000e+00
0.000000000000000000e+00
0.000000000000000000e+00
0.000000000000000000e+00
0.000000000000000000e+00
0.000000000000000000e+00
0.000000000000000000e+00
0.000000000000000000e+00
1.151015782479334650e-02
5.892279496699384146e-03
5.892279496699384146e-03
1.305380058445651775e-04
6.758124370533538650e-03
6.758124370533538650e-03
5.339146203749434334e-03
9.128960071469549228e-03
9.128960071469549228e-03
2.031908021691184590e-02
3.563813717644818274e-02
3.563813717644818274e-02
4.186857352330716243e-03
2.343740719739436512e-02
2.343740719739436512e-02
8.349074520125957660e-03
9.370825082446267856e-03
4.118027073097624974e-03
3.326186082580364928e-03
4.118027073097624974e-03
9.370825082446267856e-03
9.370825082446267856e-03
9.370825082446267856e-03
0.000000000000000000e+00
0.000000000000000000e+00
0.000000000000000000e+00
1.145517955255347282e-02
6.460856532197162272e-03
6.460856532197162272e-03
6.460856532197162272e-03
6.460856532197162272e-03
6.460856532197162272e-03
6.460856532197162272e-03
6.460856532197162272e-03
6.460856532197162272e-03
1.681616188952166774e-02
1.681616188952166774e-02
1.681616188952166774e-02
1.681616188952166774e-02
1.681616188952166774e-02
1.681616188952166774e-02
1.681616188952166774e-02
1.681616188952166774e-02
1.681616188952166774e-02
1.681616188952166774e-02
1.681616188952166774e-02
1.681616188952166774e-02
1.681616188952166774e-02
5.942690804062565266e-03
1.001803479666912508e-02
1.001803479666912508e-02
1.001803479666912508e-02
1.001803479666912508e-02
1.001803479666912508e-02
1.001803479666912508e-02
1.665059910796628379e-02
1.755868187171892580e-02
1.755868187171892580e-02
1.755868187171892580e-02
1.755868187171892580e-02
1.755868187171892580e-02
1.755868187171892580e-02
4.279341668894870443e-02
8.759634468037591840e-03
8.759634468037591840e-03
1.304451765021596987e-02
8.759634468037591840e-03
2.573559044218676553e-02
2.553385123682164887e-02
2.553385123682164887e-02
2.165695225919532854e-02
1.707409622418403633e-02
1.707409622418403633e-02
1.707409622418403633e-02
1.707409622418403633e-02
8.386520573811237847e-03
8.386520573811237847e-03
8.386520573811237847e-03
9.016955297566511471e-03
0.000000000000000000e+00
0.000000000000000000e+00
0.000000000000000000e+00
0.000000000000000000e+00
1.673225554024549214e-02
2.510333646704950342e-04
1.772725176000217520e-02
2.510333646704950342e-04
2.510333646704950342e-04
2.510333646704950342e-04
2.510333646704950342e-04
2.510333646704950342e-04
2.510333646704950342e-04
2.510333646704950342e-04
2.210642612925362883e-03
5.758366460141202924e-03
5.758366460141202924e-03
5.758366460141202924e-03
5.758366460141202924e-03
1.392106094604667749e-02
4.802715537485243748e-03
4.802715537485243748e-03
1.053161641842137106e-02
1.612997176094719057e-02
1.612997176094719057e-02
1.612997176094719057e-02
1.612997176094719057e-02
2.721876131332147397e-02
1.069422453961980414e-03
1.069422453961980414e-03
1.069422453961980414e-03
1.069422453961980414e-03
1.069422453961980414e-03
1.069422453961980414e-03
1.069422453961980414e-03
1.069422453961980414e-03
1.392106094604667749e-02
1.392106094604667749e-02
1.392106094604667749e-02
1.392106094604667749e-02
1.392106094604667749e-02
1.392106094604667749e-02
1.392106094604667749e-02
1.392106094604667749e-02
1.392106094604667749e-02
1.392106094604667749e-02
1.392106094604667749e-02
1.392106094604667749e-02
1.392106094604667749e-02
1.392106094604667749e-02
1.392106094604667749e-02
1.392106094604667749e-02
1.949162865944284798e-02
1.950604551953760007e-02
1.950604551953760007e-02
1.950604551953760007e-02
1.950604551953760007e-02
1.950604551953760007e-02
1.950604551953760007e-02
1.950604551953760007e-02
1.950604551953760007e-02
1.950604551953760007e-02
1.950604551953760007e-02
2.027402116525994433e-02
3.983634120602706774e-02
3.983634120602706774e-02
3.983634120602706774e-02
3.983634120602706774e-02
3.983634120602706774e-02
3.983634120602706774e-02
3.983634120602706774e-02
3.983634120602706774e-02
3.983634120602706774e-02
3.983634120602706774e-02
3.983634120602706774e-02
3.983634120602706774e-02
2.707701711110687207e-02
2.678182070012225316e-02
2.678182070012225316e-02
2.678182070012225316e-02
2.678182070012225316e-02
2.210642612925362883e-03
3.213568877763464757e-03
3.213568877763464757e-03
1.019358102667628808e-02
7.191593413370415619e-03
7.191593413370415619e-03
7.191593413370415619e-03
7.191593413370415619e-03
3.305795373118845110e-03
3.305795373118845110e-03
3.305795373118845110e-03
3.305795373118845110e-03
3.305795373118845110e-03
3.305795373118845110e-03
3.305795373118845110e-03
3.305795373118845110e-03
3.305795373118845110e-03
3.305795373118845110e-03
3.305795373118845110e-03
3.305795373118845110e-03
3.305795373118845110e-03
3.681107444569755877e-03
1.038343907823355283e-02
1.038343907823355283e-02
1.038343907823355283e-02
1.038343907823355283e-02
1.038343907823355283e-02
1.038343907823355283e-02
1.038343907823355283e-02
1.038343907823355283e-02
1.038343907823355283e-02
1.038343907823355283e-02
0.000000000000000000e+00
1.060559548906289153e-02
1.060559548906289153e-02
1.060559548906289153e-02
1.060559548906289153e-02
1.060559548906289153e-02
1.060559548906289153e-02
2.110744147952883440e-02
1.707991442307728661e-02
1.707991442307728661e-02
1.707991442307728661e-02
1.707991442307728661e-02
0.000000000000000000e+00
1.147206367687050085e-03
1.147206367687050085e-03
1.147206367687050085e-03
1.147206367687050085e-03
1.147206367687050085e-03
1.147206367687050085e-03
1.147206367687050085e-03
1.147206367687050085e-03
1.147206367687050085e-03
1.147206367687050085e-03
1.147206367687050085e-03
1.147206367687050085e-03
1.147206367687050085e-03
1.147206367687050085e-03
9.559159932444244445e-03
6.870756817941693975e-03
6.870756817941693975e-03
6.870756817941693975e-03
6.870756817941693975e-03
6.870756817941693975e-03
6.870756817941693975e-03
6.870756817941693975e-03
6.870756817941693975e-03
1.673225554024549214e-02
1.673225554024549214e-02
1.673225554024549214e-02
1.673225554024549214e-02
5.113933658752640304e-03
9.765611323390072096e-03
9.765611323390072096e-03
9.765611323390072096e-03
9.765611323390072096e-03
4.995364518566684092e-02
4.995364518566684092e-02
4.995364518566684092e-02
2.196879746679814005e-02
3.621304413454511616e-03
3.621304413454511616e-03
3.621304413454511616e-03
3.621304413454511616e-03
3.621304413454511616e-03
3.621304413454511616e-03
3.621304413454511616e-03
3.621304413454511616e-03
3.621304413454511616e-03
3.621304413454511616e-03
1.800109450003234413e-02
2.997739932529260368e-02
2.997739932529260368e-02
5.113933658752640304e-03
1.684880999432140578e-02
1.684880999432140578e-02
9.194696469119854540e-03
9.458602194952323364e-03
9.458602194952323364e-03
9.458602194952323364e-03
9.458602194952323364e-03
9.458602194952323364e-03
9.458602194952323364e-03
0.000000000000000000e+00
1.522714926241009337e-03
1.522714926241009337e-03
1.522714926241009337e-03
1.522714926241009337e-03
8.911333912333431473e-04
0.000000000000000000e+00
0.000000000000000000e+00
0.000000000000000000e+00
0.000000000000000000e+00
0.000000000000000000e+00
0.000000000000000000e+00
0.000000000000000000e+00
0.000000000000000000e+00
0.000000000000000000e+00
0.000000000000000000e+00
0.000000000000000000e+00
0.000000000000000000e+00
0.000000000000000000e+00
5.339146203749434334e-03
9.703024828942461094e-04
9.703024828942461094e-04
9.703024828942461094e-04
9.703024828942461094e-04
9.703024828942461094e-04
9.703024828942461094e-04
9.703024828942461094e-04
9.703024828942461094e-04
9.703024828942461094e-04
9.703024828942461094e-04
9.703024828942461094e-04
9.703024828942461094e-04
9.703024828942461094e-04
9.703024828942461094e-04
6.299139167055829713e-03
2.677451454430533964e-03
2.677451454430533964e-03
1.559883447572164676e-02
2.196879746679814005e-02
4.279341668894870443e-02
4.279341668894870443e-02
4.279341668894870443e-02
2.210642612925362883e-03
2.210642612925362883e-03
2.210642612925362883e-03
0.000000000000000000e+00
1.534999935305357034e-03
1.534999935305357034e-03
1.534999935305357034e-03
1.534999935305357034e-03
8.911333912333431473e-04
6.431440759563846789e-03
6.431440759563846789e-03
6.431440759563846789e-03
6.431440759563846789e-03
2.026161478639283697e-02
3.637731734212902232e-03
3.637731734212902232e-03
2.893764255471438333e-03
3.637731734212902232e-03
1.291871940616766412e-02
2.300187964323074583e-02
2.300187964323074583e-02
2.300187964323074583e-02
2.300187964323074583e-02
8.935033968522586995e-03
2.277399153116528574e-02
2.277399153116528574e-02
2.277399153116528574e-02
2.277399153116528574e-02
2.277399153116528574e-02
2.277399153116528574e-02
2.277399153116528574e-02
2.277399153116528574e-02
1.091119694927833797e-02
1.515393429342794772e-02
1.515393429342794772e-02
1.515393429342794772e-02
1.515393429342794772e-02
1.515393429342794772e-02
1.515393429342794772e-02
1.515393429342794772e-02
1.515393429342794772e-02
1.515393429342794772e-02
1.515393429342794772e-02
1.464585301596772922e-02
2.862817561370676646e-03
2.862817561370676646e-03
2.862817561370676646e-03
2.862817561370676646e-03
8.935033968522586995e-03
8.935033968522586995e-03
5.065022010631089339e-02
5.440847966751091030e-02
5.440847966751091030e-02
6.724252583471991215e-03
1.717733869828029156e-02
1.717733869828029156e-02
1.717733869828029156e-02
1.717733869828029156e-02
1.717733869828029156e-02
1.717733869828029156e-02
2.848257745361296861e-02
2.070787008893404391e-02
2.070787008893404391e-02
2.895106362284844900e-02
2.977424687686431107e-02
2.977424687686431107e-02
2.977424687686431107e-02
2.977424687686431107e-02
2.048018885525355274e-03
1.417677006399684601e-02
1.417677006399684601e-02
6.401555452647862514e-03
6.401555452647862514e-03
6.401555452647862514e-03
6.401555452647862514e-03
6.401555452647862514e-03
6.401555452647862514e-03
6.401555452647862514e-03
6.401555452647862514e-03
6.401555452647862514e-03
6.401555452647862514e-03
6.401555452647862514e-03
1.290194567212858863e-02
1.290194567212858863e-02
2.848257745361296861e-02
2.848257745361296861e-02
2.848257745361296861e-02
2.848257745361296861e-02
2.848257745361296861e-02
2.848257745361296861e-02
2.848257745361296861e-02
2.848257745361296861e-02
2.848257745361296861e-02
2.848257745361296861e-02
2.848257745361296861e-02
2.848257745361296861e-02
2.848257745361296861e-02
2.848257745361296861e-02
2.848257745361296861e-02
2.848257745361296861e-02
0.000000000000000000e+00
0.000000000000000000e+00
0.000000000000000000e+00
0.000000000000000000e+00
0.000000000000000000e+00
0.000000000000000000e+00
0.000000000000000000e+00
0.000000000000000000e+00
0.000000000000000000e+00
1.562133223586626742e-02
4.774064131646857216e-03
4.774064131646857216e-03
4.774064131646857216e-03
4.774064131646857216e-03
3.438100007706562308e-03
4.260923546652825231e-03
4.260923546652825231e-03
5.105866513896255982e-02
5.311415815717329680e-02
5.311415815717329680e-02
5.311415815717329680e-02
5.311415815717329680e-02
4.218872811993978206e-02
4.439972947089778493e-02
4.439972947089778493e-02
4.439972947089778493e-02
4.439972947089778493e-02
2.183204768057859027e-02
2.183204768057859027e-02
2.183204768057859027e-02
2.183204768057859027e-02
2.183204768057859027e-02
2.183204768057859027e-02
2.183204768057859027e-02
2.183204768057859027e-02
2.183204768057859027e-02
2.183204768057859027e-02
2.183204768057859027e-02
4.186857352330716243e-03
1.209736338385862531e-02
1.209736338385862531e-02
1.209736338385862531e-02
1.209736338385862531e-02
1.209736338385862531e-02
1.209736338385862531e-02
1.209736338385862531e-02
1.209736338385862531e-02
1.092462254654851667e-02
2.048018885525355274e-03
1.620642194649224085e-02
2.048018885525355274e-03
2.048018885525355274e-03
2.048018885525355274e-03
5.942690804062565266e-03
5.942690804062565266e-03
5.942690804062565266e-03
5.942690804062565266e-03
5.942690804062565266e-03
5.942690804062565266e-03
5.942690804062565266e-03
5.942690804062565266e-03
5.942690804062565266e-03
5.942690804062565266e-03
5.942690804062565266e-03
5.942690804062565266e-03
5.512382740955861470e-03
1.902540933368961421e-02
1.902540933368961421e-02
1.902540933368961421e-02
1.902540933368961421e-02
1.776474307577595099e-02
5.572904116605114505e-03
5.572904116605114505e-03
5.572904116605114505e-03
5.572904116605114505e-03
5.572904116605114505e-03
5.572904116605114505e-03
5.572904116605114505e-03
5.572904116605114505e-03
5.572904116605114505e-03
5.572904116605114505e-03
1.979855915091904839e-02
1.979855915091904839e-02
1.979855915091904839e-02
1.979855915091904839e-02
1.979855915091904839e-02
1.979855915091904839e-02
1.979855915091904839e-02
1.979855915091904839e-02
1.979855915091904839e-02
1.979855915091904839e-02
1.979855915091904839e-02
1.979855915091904839e-02
1.979855915091904839e-02
0.000000000000000000e+00
0.000000000000000000e+00
0.000000000000000000e+00
0.000000000000000000e+00
0.000000000000000000e+00
0.000000000000000000e+00
8.953581678284333600e-03
8.953581678284333600e-03
8.953581678284333600e-03
8.953581678284333600e-03
8.953581678284333600e-03
8.953581678284333600e-03
8.953581678284333600e-03
8.953581678284333600e-03
8.953581678284333600e-03
8.953581678284333600e-03
8.953581678284333600e-03
0.000000000000000000e+00
0.000000000000000000e+00
0.000000000000000000e+00
0.000000000000000000e+00
0.000000000000000000e+00
0.000000000000000000e+00
0.000000000000000000e+00
0.000000000000000000e+00
0.000000000000000000e+00
0.000000000000000000e+00
0.000000000000000000e+00
5.113933658752640304e-03
5.113933658752640304e-03
5.113933658752640304e-03
4.705685697416420003e-03
0.000000000000000000e+00
0.000000000000000000e+00
0.000000000000000000e+00
0.000000000000000000e+00
3.885009372021360624e-02
0.000000000000000000e+00
0.000000000000000000e+00
4.978885431626565300e-02
3.532597061537659511e-02
3.532597061537659511e-02
3.532597061537659511e-02
3.532597061537659511e-02
3.532597061537659511e-02
3.532597061537659511e-02
3.532597061537659511e-02
3.532597061537659511e-02
0.000000000000000000e+00
8.246208105251741013e-03
8.246208105251741013e-03
8.246208105251741013e-03
8.246208105251741013e-03
8.246208105251741013e-03
8.246208105251741013e-03
8.246208105251741013e-03
8.246208105251741013e-03
1.031718908725479285e-02
6.917821881284982703e-03
6.917821881284982703e-03
6.917821881284982703e-03
6.917821881284982703e-03
6.917821881284982703e-03
6.917821881284982703e-03
0.000000000000000000e+00
0.000000000000000000e+00
0.000000000000000000e+00
5.020805384254813444e-03
5.020805384254813444e-03
5.020805384254813444e-03
5.020805384254813444e-03
5.020805384254813444e-03
5.020805384254813444e-03
4.627061566523962312e-03
4.627061566523962312e-03
4.627061566523962312e-03
4.627061566523962312e-03
4.627061566523962312e-03
4.627061566523962312e-03
4.627061566523962312e-03
4.627061566523962312e-03
4.627061566523962312e-03
4.627061566523962312e-03
4.627061566523962312e-03
4.627061566523962312e-03
4.627061566523962312e-03
1.800109450003234413e-02
1.800109450003234413e-02
1.800109450003234413e-02
1.800109450003234413e-02
1.800109450003234413e-02
1.800109450003234413e-02
1.800109450003234413e-02
1.800109450003234413e-02
6.754528597253732676e-03
6.754528597253732676e-03
6.754528597253732676e-03
6.754528597253732676e-03
6.754528597253732676e-03
6.754528597253732676e-03
6.754528597253732676e-03
6.754528597253732676e-03
6.754528597253732676e-03
6.754528597253732676e-03
6.754528597253732676e-03
6.754528597253732676e-03
6.754528597253732676e-03
6.754528597253732676e-03
6.754528597253732676e-03
2.390524257691065829e-02
2.110744147952883440e-02
2.110744147952883440e-02
2.110744147952883440e-02
1.193937114733041593e-02
5.945728763623346798e-03
5.945728763623346798e-03
5.945728763623346798e-03
5.945728763623346798e-03
5.945728763623346798e-03
5.945728763623346798e-03
5.945728763623346798e-03
5.945728763623346798e-03
5.945728763623346798e-03
5.945728763623346798e-03
1.869575038055416166e-02
3.938563520328806911e-03
3.938563520328806911e-03
3.938563520328806911e-03
3.938563520328806911e-03
1.737740957371903400e-02
1.737740957371903400e-02
1.737740957371903400e-02
1.737740957371903400e-02
2.122420279215480893e-03
0.000000000000000000e+00
0.000000000000000000e+00
0.000000000000000000e+00
0.000000000000000000e+00
4.391448034211545975e-03
4.391448034211545975e-03
1.215880131070765785e-02
2.573559044218676553e-02
2.573559044218676553e-02
2.573559044218676553e-02
2.573559044218676553e-02
2.573559044218676553e-02
2.573559044218676553e-02
2.573559044218676553e-02
2.573559044218676553e-02
2.573559044218676553e-02
2.573559044218676553e-02
2.573559044218676553e-02
2.737647529613110656e-02
1.214329034398194031e-03
1.214329034398194031e-03
1.214329034398194031e-03
1.214329034398194031e-03
1.214329034398194031e-03
1.214329034398194031e-03
1.214329034398194031e-03
1.214329034398194031e-03
1.214329034398194031e-03
1.214329034398194031e-03
1.214329034398194031e-03
1.214329034398194031e-03
1.214329034398194031e-03
1.214329034398194031e-03
1.214329034398194031e-03
1.214329034398194031e-03
2.851442740269536681e-03
5.916260906468460631e-03
5.916260906468460631e-03
5.068980204761991707e-05
1.613801545111514385e-02
1.613801545111514385e-02
1.613801545111514385e-02
1.613801545111514385e-02
1.613801545111514385e-02
1.613801545111514385e-02
1.160563996760509940e-02
1.464585301596772922e-02
8.911333912333431473e-04
8.911333912333431473e-04
8.911333912333431473e-04
3.055640654687546889e-03
0.000000000000000000e+00
0.000000000000000000e+00
4.098411125284354833e-02
3.236300345251969662e-02
3.236300345251969662e-02
3.654291868167480056e-02
3.236300345251969662e-02
0.000000000000000000e+00
0.000000000000000000e+00
0.000000000000000000e+00
1.265485217091091678e-02
5.587880408177032035e-03
5.587880408177032035e-03
5.587880408177032035e-03
5.587880408177032035e-03
5.587880408177032035e-03
5.587880408177032035e-03
5.298105492489668840e-03
9.399164730570832562e-04
9.399164730570832562e-04
9.399164730570832562e-04
9.399164730570832562e-04
9.399164730570832562e-04
9.399164730570832562e-04
9.399164730570832562e-04
9.399164730570832562e-04
9.399164730570832562e-04
9.399164730570832562e-04
9.399164730570832562e-04
9.399164730570832562e-04
3.233804781206246672e-03
3.233804781206246672e-03
3.233804781206246672e-03
3.233804781206246672e-03
3.233804781206246672e-03
3.233804781206246672e-03
3.233804781206246672e-03
3.233804781206246672e-03
3.233804781206246672e-03
3.233804781206246672e-03
3.233804781206246672e-03
3.233804781206246672e-03
3.233804781206246672e-03
3.233804781206246672e-03
3.233804781206246672e-03
0.000000000000000000e+00
6.723622463532529479e-03
6.723622463532529479e-03
6.723622463532529479e-03
6.723622463532529479e-03
6.723622463532529479e-03
6.723622463532529479e-03
6.723622463532529479e-03
6.723622463532529479e-03
6.723622463532529479e-03
6.723622463532529479e-03
2.783301813313196135e-02
4.978885431626565300e-02
2.985090271384299720e-02
1.390514502715284664e-02
1.390514502715284664e-02
1.390514502715284664e-02
1.390514502715284664e-02
1.390514502715284664e-02
1.390514502715284664e-02
1.390514502715284664e-02
1.390514502715284664e-02
1.701053070515213747e-02
1.260781845850103382e-02
1.260781845850103382e-02
1.260781845850103382e-02
1.260781845850103382e-02
0.000000000000000000e+00
4.025171563230749497e-03
4.025171563230749497e-03
4.025171563230749497e-03
4.025171563230749497e-03
4.025171563230749497e-03
4.025171563230749497e-03
4.025171563230749497e-03
4.025171563230749497e-03
2.783301813313196135e-02
2.783301813313196135e-02
2.783301813313196135e-02
2.783301813313196135e-02
2.783301813313196135e-02
2.783301813313196135e-02
2.783301813313196135e-02
2.783301813313196135e-02
2.783301813313196135e-02
2.783301813313196135e-02
2.783301813313196135e-02
2.783301813313196135e-02
6.605342340025584236e-03
2.170513893167479863e-02
2.170513893167479863e-02
2.170513893167479863e-02
2.170513893167479863e-02
2.170513893167479863e-02
2.170513893167479863e-02
6.299139167055829713e-03
1.562133223586626742e-02
1.562133223586626742e-02
1.562133223586626742e-02
1.562133223586626742e-02
1.562133223586626742e-02
5.469583816091297922e-03
8.759554138455609949e-04
8.759554138455609949e-04
8.759554138455609949e-04
8.759554138455609949e-04
8.759554138455609949e-04
8.759554138455609949e-04
8.759554138455609949e-04
8.759554138455609949e-04
4.847680713594990434e-03
3.422139448162192076e-03
3.422139448162192076e-03
3.422139448162192076e-03
3.422139448162192076e-03
3.422139448162192076e-03
3.422139448162192076e-03
3.422139448162192076e-03
3.422139448162192076e-03
3.422139448162192076e-03
3.422139448162192076e-03
3.422139448162192076e-03
3.422139448162192076e-03
3.422139448162192076e-03
3.422139448162192076e-03
3.422139448162192076e-03
3.422139448162192076e-03
0.000000000000000000e+00
2.026161478639283697e-02
2.026161478639283697e-02
2.026161478639283697e-02
2.026161478639283697e-02
1.103963767810203257e-02
5.553715759570819303e-03
5.553715759570819303e-03
5.553715759570819303e-03
5.553715759570819303e-03
0.000000000000000000e+00
3.039504791116900972e-02
3.039504791116900972e-02
1.103963767810203257e-02
1.103963767810203257e-02
1.103963767810203257e-02
1.103963767810203257e-02
1.103963767810203257e-02
1.103963767810203257e-02
1.103963767810203257e-02
1.103963767810203257e-02
3.424524200712204119e-02
2.203809225217430792e-02
2.203809225217430792e-02
2.203809225217430792e-02
2.203809225217430792e-02
0.000000000000000000e+00
1.143611112547373264e-02
1.143611112547373264e-02
1.143611112547373264e-02
1.143611112547373264e-02
1.143611112547373264e-02
1.143611112547373264e-02
6.867047775092784481e-03
6.867047775092784481e-03
6.867047775092784481e-03
6.867047775092784481e-03
6.867047775092784481e-03
6.867047775092784481e-03
6.867047775092784481e-03
6.867047775092784481e-03
6.867047775092784481e-03
6.867047775092784481e-03
6.867047775092784481e-03
6.867047775092784481e-03
6.867047775092784481e-03
6.867047775092784481e-03
9.016955297566511471e-03
9.016955297566511471e-03
0.000000000000000000e+00
9.016955297566511471e-03
9.016955297566511471e-03
9.016955297566511471e-03
4.071340020993951397e-02
3.235867399556219270e-02
3.235867399556219270e-02
3.373693101650786924e-02
3.373693101650786924e-02
3.373693101650786924e-02
3.373693101650786924e-02
3.373693101650786924e-02
3.373693101650786924e-02
3.373693101650786924e-02
3.373693101650786924e-02
3.373693101650786924e-02
3.373693101650786924e-02
3.373693101650786924e-02
8.188066118506264618e-03
7.100021277887265912e-03
7.100021277887265912e-03
7.100021277887265912e-03
7.100021277887265912e-03
7.100021277887265912e-03
7.100021277887265912e-03
7.100021277887265912e-03
7.100021277887265912e-03
1.031718908725479285e-02
1.031718908725479285e-02
1.031718908725479285e-02
1.031718908725479285e-02
0.000000000000000000e+00
0.000000000000000000e+00
0.000000000000000000e+00
0.000000000000000000e+00
0.000000000000000000e+00
0.000000000000000000e+00
5.258563654543531307e-03
2.621873692225001884e-02
4.332652883990187331e-02
9.236279238908520588e-04
9.236279238908520588e-04
9.236279238908520588e-04
9.236279238908520588e-04
9.236279238908520588e-04
9.236279238908520588e-04
9.236279238908520588e-04
9.236279238908520588e-04
9.236279238908520588e-04
9.236279238908520588e-04
9.236279238908520588e-04
9.236279238908520588e-04
0.000000000000000000e+00
0.000000000000000000e+00
0.000000000000000000e+00
0.000000000000000000e+00
0.000000000000000000e+00
0.000000000000000000e+00
0.000000000000000000e+00
0.000000000000000000e+00
1.193937114733041593e-02
1.193937114733041593e-02
1.193937114733041593e-02
1.193937114733041593e-02
1.193937114733041593e-02
1.193937114733041593e-02
3.885009372021360624e-02
3.885009372021360624e-02
3.885009372021360624e-02
3.885009372021360624e-02
3.885009372021360624e-02
3.885009372021360624e-02
3.885009372021360624e-02
3.885009372021360624e-02
3.885009372021360624e-02
3.885009372021360624e-02
3.885009372021360624e-02
3.885009372021360624e-02
3.885009372021360624e-02
3.885009372021360624e-02
3.885009372021360624e-02
3.885009372021360624e-02
3.885009372021360624e-02
3.885009372021360624e-02
3.885009372021360624e-02
3.885009372021360624e-02
1.546085842926004381e-03
9.616267220393966142e-02
9.616267220393966142e-02
3.053604562287152513e-04
9.616267220393966142e-02
9.616267220393966142e-02
9.616267220393966142e-02
9.301737176562374990e-03
1.949123485590382315e-02
1.949123485590382315e-02
7.103422451438768173e-03
2.691546681651509391e-04
2.691546681651509391e-04
2.691546681651509391e-04
2.691546681651509391e-04
2.691546681651509391e-04
2.691546681651509391e-04
2.691546681651509391e-04
2.691546681651509391e-04
2.691546681651509391e-04
2.691546681651509391e-04
5.949957893364251791e-04
9.455669339148008168e-03
9.455669339148008168e-03
0.000000000000000000e+00
0.000000000000000000e+00
0.000000000000000000e+00
0.000000000000000000e+00
0.000000000000000000e+00
0.000000000000000000e+00
0.000000000000000000e+00
0.000000000000000000e+00
0.000000000000000000e+00
1.832132352638842984e-02
2.720088747156444373e-02
2.720088747156444373e-02
0.000000000000000000e+00
0.000000000000000000e+00
0.000000000000000000e+00
0.000000000000000000e+00
0.000000000000000000e+00
0.000000000000000000e+00
0.000000000000000000e+00
0.000000000000000000e+00
0.000000000000000000e+00
0.000000000000000000e+00
0.000000000000000000e+00
0.000000000000000000e+00
0.000000000000000000e+00
0.000000000000000000e+00
0.000000000000000000e+00
0.000000000000000000e+00
0.000000000000000000e+00
4.218872811993978206e-02
9.301737176562374990e-03
9.301737176562374990e-03
9.301737176562374990e-03
9.301737176562374990e-03
9.301737176562374990e-03
5.949957893364251791e-04
9.922116537643282247e-03
9.922116537643282247e-03
9.922116537643282247e-03
9.922116537643282247e-03
9.922116537643282247e-03
9.922116537643282247e-03
1.416845352315004164e-02
5.068980204761991707e-05
5.068980204761991707e-05
5.068980204761991707e-05
5.068980204761991707e-05
5.068980204761991707e-05
2.114784866340452263e-02
7.261942214961718094e-03
7.261942214961718094e-03
7.261942214961718094e-03
7.261942214961718094e-03
0.000000000000000000e+00
6.285518772541287373e-03
6.285518772541287373e-03
6.285518772541287373e-03
6.285518772541287373e-03
6.285518772541287373e-03
6.285518772541287373e-03
6.285518772541287373e-03
6.285518772541287373e-03
6.285518772541287373e-03
6.285518772541287373e-03
6.285518772541287373e-03
6.285518772541287373e-03
6.285518772541287373e-03
6.285518772541287373e-03
2.505361044957139793e-02
3.438100007706562308e-03
2.505361044957139793e-02
2.505361044957139793e-02
2.505361044957139793e-02
2.505361044957139793e-02
2.505361044957139793e-02
3.438100007706562308e-03
3.438100007706562308e-03
6.684362312278508723e-03
6.684362312278508723e-03
6.684362312278508723e-03
6.684362312278508723e-03
6.684362312278508723e-03
6.684362312278508723e-03
6.684362312278508723e-03
6.684362312278508723e-03
6.684362312278508723e-03
6.684362312278508723e-03
6.684362312278508723e-03
6.684362312278508723e-03
6.684362312278508723e-03
1.912513954979434307e-03
2.122420279215480893e-03
1.293169495451866862e-03
1.293169495451866862e-03
1.293169495451866862e-03
1.293169495451866862e-03
1.293169495451866862e-03
1.293169495451866862e-03
1.293169495451866862e-03
1.293169495451866862e-03
1.293169495451866862e-03
1.293169495451866862e-03
1.293169495451866862e-03
9.339073270671868418e-03
1.019199919325292601e-02
1.019199919325292601e-02
1.019199919325292601e-02
1.019199919325292601e-02
1.019199919325292601e-02
1.019199919325292601e-02
1.019199919325292601e-02
1.019199919325292601e-02
1.019199919325292601e-02
1.019199919325292601e-02
5.098256930045160689e-04
1.160563996760509940e-02
1.160563996760509940e-02
1.160563996760509940e-02
0.000000000000000000e+00
5.697051028552759834e-03
5.697051028552759834e-03
5.697051028552759834e-03
5.697051028552759834e-03
5.697051028552759834e-03
5.697051028552759834e-03
1.820699261255646732e-04
1.930525109103680076e-03
1.930525109103680076e-03
1.930525109103680076e-03
1.930525109103680076e-03
1.930525109103680076e-03
1.930525109103680076e-03
2.208201534266188149e-02
3.177932333309658151e-03
3.177932333309658151e-03
3.177932333309658151e-03
3.177932333309658151e-03
3.177932333309658151e-03
3.177932333309658151e-03
3.055640654687546889e-03
3.055640654687546889e-03
1.091119694927833797e-02
1.091119694927833797e-02
4.882037451850726635e-03
2.031908021691184590e-02
2.031908021691184590e-02
2.031908021691184590e-02
0.000000000000000000e+00
1.092974399367543231e-02
1.092974399367543231e-02
1.092974399367543231e-02
1.092974399367543231e-02
1.092974399367543231e-02
1.092974399367543231e-02
2.404084287535143347e-02
2.235805509260568522e-02
2.235805509260568522e-02
2.235805509260568522e-02
2.235805509260568522e-02
2.235805509260568522e-02
2.235805509260568522e-02
2.235805509260568522e-02
2.235805509260568522e-02
2.502750047814439240e-03
1.187930239420424347e-02
1.187930239420424347e-02
1.187930239420424347e-02
1.187930239420424347e-02
1.187930239420424347e-02
1.187930239420424347e-02
1.187930239420424347e-02
1.187930239420424347e-02
1.187930239420424347e-02
1.187930239420424347e-02
1.832132352638842984e-02
1.832132352638842984e-02
1.832132352638842984e-02
1.832132352638842984e-02
1.832132352638842984e-02
0.000000000000000000e+00
9.113573265629460948e-03
9.113573265629460948e-03
9.113573265629460948e-03
9.113573265629460948e-03
9.113573265629460948e-03
9.113573265629460948e-03
4.922878552761278913e-03
1.472014243003403992e-02
1.472014243003403992e-02
1.472014243003403992e-02
1.472014243003403992e-02
1.472014243003403992e-02
1.472014243003403992e-02
6.299139167055829713e-03
2.759397121931868920e-03
3.681107444569755877e-03
3.681107444569755877e-03
3.681107444569755877e-03
2.438645309578077805e-02
4.064332776719560558e-02
4.064332776719560558e-02
4.064332776719560558e-02
4.064332776719560558e-02
0.000000000000000000e+00
0.000000000000000000e+00
0.000000000000000000e+00
2.130601536755634753e-02
2.923090211394537355e-02
2.923090211394537355e-02
2.923090211394537355e-02
0.000000000000000000e+00
0.000000000000000000e+00
0.000000000000000000e+00
0.000000000000000000e+00
0.000000000000000000e+00
0.000000000000000000e+00
0.000000000000000000e+00
0.000000000000000000e+00
0.000000000000000000e+00
0.000000000000000000e+00
0.000000000000000000e+00
0.000000000000000000e+00
0.000000000000000000e+00
0.000000000000000000e+00
0.000000000000000000e+00
0.000000000000000000e+00
0.000000000000000000e+00
0.000000000000000000e+00
0.000000000000000000e+00
0.000000000000000000e+00
0.000000000000000000e+00
1.932841986699252931e-02
1.007744259862144998e-02
1.007744259862144998e-02
1.007744259862144998e-02
1.007744259862144998e-02
1.288301890640881561e-02
1.262521041851233546e-02
1.262521041851233546e-02
1.262521041851233546e-02
1.262521041851233546e-02
1.262521041851233546e-02
1.262521041851233546e-02
1.932841986699252931e-02
1.932841986699252931e-02
1.932841986699252931e-02
1.932841986699252931e-02
1.932841986699252931e-02
1.932841986699252931e-02
0.000000000000000000e+00
5.105866513896255982e-02
5.105866513896255982e-02
5.105866513896255982e-02
1.092462254654851667e-02
1.092462254654851667e-02
1.092462254654851667e-02
1.092462254654851667e-02
9.559159932444244445e-03
9.559159932444244445e-03
3.651597257433616441e-03
6.605342340025584236e-03
6.605342340025584236e-03
6.605342340025584236e-03
5.258563654543531307e-03
5.258563654543531307e-03
5.258563654543531307e-03
5.258563654543531307e-03
1.312880554734687649e-02
1.218594990359637975e-03
1.218594990359637975e-03
1.218594990359637975e-03
1.218594990359637975e-03
1.416845352315004164e-02
1.416845352315004164e-02
1.065981713852694017e-02
6.066558943543245812e-03
6.066558943543245812e-03
6.066558943543245812e-03
6.066558943543245812e-03
6.066558943543245812e-03
6.066558943543245812e-03
6.066558943543245812e-03
6.066558943543245812e-03
6.066558943543245812e-03
6.066558943543245812e-03
6.066558943543245812e-03
6.066558943543245812e-03
6.066558943543245812e-03
6.066558943543245812e-03
6.066558943543245812e-03
6.066558943543245812e-03
3.624405126433403318e-02
3.624405126433403318e-02
3.624405126433403318e-02
3.624405126433403318e-02
3.624405126433403318e-02
3.624405126433403318e-02
3.624405126433403318e-02
3.624405126433403318e-02
3.624405126433403318e-02
3.624405126433403318e-02
3.624405126433403318e-02
3.665082602330647921e-02
1.603211829650260517e-02
1.603211829650260517e-02
1.603211829650260517e-02
1.603211829650260517e-02
1.603211829650260517e-02
1.603211829650260517e-02
2.721876131332147397e-02
2.261285306865566322e-02
2.261285306865566322e-02
4.186857352330716243e-03
4.186857352330716243e-03
4.186857352330716243e-03
4.186857352330716243e-03
4.186857352330716243e-03
1.120744317895439236e-04
2.369408714215741341e-02
2.369408714215741341e-02
2.369408714215741341e-02
2.369408714215741341e-02
2.369408714215741341e-02
2.369408714215741341e-02
2.369408714215741341e-02
2.369408714215741341e-02
2.369408714215741341e-02
2.369408714215741341e-02
2.369408714215741341e-02
2.369408714215741341e-02
2.369408714215741341e-02
2.369408714215741341e-02
2.369408714215741341e-02
2.369408714215741341e-02
1.628713580488097556e-02
2.754466475941304976e-02
2.754466475941304976e-02
2.164034862094245740e-02
1.215080447590982139e-02
1.215080447590982139e-02
1.628713580488097556e-02
0.000000000000000000e+00
8.329823959867936958e-03
0.000000000000000000e+00
0.000000000000000000e+00
4.578443402065170142e-02
0.000000000000000000e+00
0.000000000000000000e+00
1.090144527869352058e-02
1.090144527869352058e-02
1.105185259172229706e-02
1.105185259172229706e-02
1.105185259172229706e-02
1.105185259172229706e-02
1.105185259172229706e-02
1.105185259172229706e-02
1.105185259172229706e-02
1.105185259172229706e-02
1.105185259172229706e-02
1.105185259172229706e-02
1.105185259172229706e-02
1.105185259172229706e-02
1.105185259172229706e-02
2.076892823457615264e-02
3.898682000119970976e-03
3.898682000119970976e-03
3.898682000119970976e-03
3.898682000119970976e-03
3.898682000119970976e-03
3.898682000119970976e-03
3.898682000119970976e-03
3.898682000119970976e-03
3.898682000119970976e-03
3.898682000119970976e-03
1.451702823349460339e-02
0.000000000000000000e+00
0.000000000000000000e+00
1.489223751075066313e-02
2.190624034591853037e-02
2.190624034591853037e-02
4.847680713594990434e-03
4.847680713594990434e-03
1.347516784418550722e-03
1.495358600616680106e-02
1.495358600616680106e-02
1.495358600616680106e-02
1.495358600616680106e-02
1.495358600616680106e-02
1.495358600616680106e-02
2.407572748277795119e-02
1.350198965489087704e-03
1.350198965489087704e-03
1.912513954979434307e-03
3.094899030737360921e-03
3.094899030737360921e-03
0.000000000000000000e+00
1.974548294084287406e-02
1.974548294084287406e-02
1.974548294084287406e-02
1.974548294084287406e-02
1.974548294084287406e-02
1.974548294084287406e-02
1.974548294084287406e-02
1.974548294084287406e-02
1.974548294084287406e-02
1.974548294084287406e-02
1.063907588124150989e-02
1.692428729206639894e-03
1.692428729206639894e-03
2.165695225919532854e-02
2.165695225919532854e-02
2.165695225919532854e-02
2.165695225919532854e-02
2.165695225919532854e-02
2.165695225919532854e-02
1.288301890640881561e-02
3.789987386579006957e-03
3.789987386579006957e-03
3.789987386579006957e-03
3.789987386579006957e-03
2.208201534266188149e-02
2.208201534266188149e-02
2.208201534266188149e-02
2.208201534266188149e-02
2.502750047814439240e-03
2.502750047814439240e-03
2.502750047814439240e-03
2.502750047814439240e-03
2.502750047814439240e-03
2.502750047814439240e-03
1.869575038055416166e-02
1.600955572485862274e-02
1.600955572485862274e-02
1.312880554734687649e-02
1.312880554734687649e-02
1.312880554734687649e-02
1.312880554734687649e-02
1.312880554734687649e-02
1.312880554734687649e-02
5.512382740955861470e-03
5.512382740955861470e-03
5.512382740955861470e-03
5.512382740955861470e-03
5.512382740955861470e-03
5.512382740955861470e-03
5.512382740955861470e-03
5.512382740955861470e-03
0.000000000000000000e+00
4.316711632131705473e-02
4.316711632131705473e-02
4.316711632131705473e-02
4.316711632131705473e-02
4.316711632131705473e-02
4.316711632131705473e-02
4.316711632131705473e-02
4.316711632131705473e-02
4.316711632131705473e-02
4.316711632131705473e-02
4.316711632131705473e-02
4.316711632131705473e-02
4.316711632131705473e-02
4.316711632131705473e-02
4.316711632131705473e-02
4.316711632131705473e-02
4.316711632131705473e-02
4.316711632131705473e-02
0.000000000000000000e+00
1.145517955255347282e-02
1.145517955255347282e-02
8.378197891521707574e-03
1.713189802694900857e-02
8.378197891521707574e-03
8.378197891521707574e-03
8.378197891521707574e-03
8.378197891521707574e-03
8.378197891521707574e-03
8.378197891521707574e-03
8.378197891521707574e-03
1.713189802694900857e-02
9.339073270671868418e-03
9.339073270671868418e-03
9.339073270671868418e-03
9.339073270671868418e-03
9.339073270671868418e-03
9.339073270671868418e-03
9.339073270671868418e-03
9.339073270671868418e-03
3.651597257433616441e-03
3.651597257433616441e-03
3.651597257433616441e-03
3.651597257433616441e-03
1.087569111486618237e-02
3.008495151417363636e-02
3.008495151417363636e-02
3.008495151417363636e-02
3.008495151417363636e-02
0.000000000000000000e+00
0.000000000000000000e+00
0.000000000000000000e+00
0.000000000000000000e+00
1.546085842926004381e-03
1.546085842926004381e-03
2.490474003467375505e-02
2.694205401565856819e-02
2.694205401565856819e-02
2.694205401565856819e-02
2.694205401565856819e-02
2.694205401565856819e-02
2.694205401565856819e-02
2.694205401565856819e-02
2.694205401565856819e-02
4.882037451850726635e-03
4.882037451850726635e-03
4.882037451850726635e-03
4.882037451850726635e-03
1.265485217091091678e-02
1.265485217091091678e-02
1.265485217091091678e-02
1.265485217091091678e-02
2.390524257691065829e-02
2.390524257691065829e-02
3.665082602330647921e-02
3.665082602330647921e-02
3.665082602330647921e-02
3.665082602330647921e-02
1.344774021364039500e-02
1.053161641842137106e-02
1.120744317895439236e-04
1.120744317895439236e-04
7.103422451438768173e-03
7.103422451438768173e-03
7.103422451438768173e-03
7.103422451438768173e-03
1.187255554378159259e-02
1.703440291938249085e-02
1.703440291938249085e-02
1.703440291938249085e-02
1.703440291938249085e-02
1.703440291938249085e-02
1.703440291938249085e-02
1.703440291938249085e-02
1.703440291938249085e-02
1.703440291938249085e-02
1.703440291938249085e-02
1.703440291938249085e-02
1.703440291938249085e-02
1.703440291938249085e-02
1.703440291938249085e-02
2.652781822976477480e-02
2.679871454143561982e-02
2.679871454143561982e-02
1.767274890470502124e-02
3.024602424937870154e-02
3.024602424937870154e-02
2.707701711110687207e-02
1.710753616090261373e-02
1.710753616090261373e-02
1.710753616090261373e-02
1.710753616090261373e-02
1.710753616090261373e-02
1.710753616090261373e-02
8.329823959867936958e-03
8.329823959867936958e-03
8.329823959867936958e-03
8.329823959867936958e-03
8.329823959867936958e-03
8.329823959867936958e-03
8.329823959867936958e-03
8.329823959867936958e-03
8.329823959867936958e-03
8.329823959867936958e-03
1.138320914129796121e-02
9.293804225722927456e-03
9.293804225722927456e-03
5.437585450855127308e-05
7.017785932733183567e-03
7.017785932733183567e-03
7.017785932733183567e-03
7.017785932733183567e-03
7.017785932733183567e-03
7.017785932733183567e-03
7.017785932733183567e-03
7.017785932733183567e-03
3.162579511354680819e-03
1.697726437648709903e-03
1.697726437648709903e-03
1.697726437648709903e-03
1.697726437648709903e-03
1.697726437648709903e-03
1.697726437648709903e-03
1.697726437648709903e-03
1.697726437648709903e-03
3.326186082580364928e-03
3.326186082580364928e-03
3.326186082580364928e-03
0.000000000000000000e+00
0.000000000000000000e+00
0.000000000000000000e+00
1.949162865944284798e-02
1.949162865944284798e-02
5.437585450855127308e-05
5.437585450855127308e-05
1.542506474396407312e-02
1.542506474396407312e-02
1.542506474396407312e-02
1.542506474396407312e-02
1.542506474396407312e-02
1.542506474396407312e-02
1.542506474396407312e-02
1.542506474396407312e-02
1.542506474396407312e-02
1.542506474396407312e-02
1.542506474396407312e-02
1.542506474396407312e-02
1.542506474396407312e-02
1.542506474396407312e-02
1.542506474396407312e-02
1.542506474396407312e-02
1.542506474396407312e-02
6.724252583471991215e-03
6.724252583471991215e-03
6.724252583471991215e-03
6.724252583471991215e-03
2.140572434687577907e-03
9.702058776591616918e-03
9.702058776591616918e-03
9.702058776591616918e-03
9.702058776591616918e-03
9.702058776591616918e-03
9.702058776591616918e-03
4.218872811993978206e-02
3.266883887833552276e-03
2.487047313615811748e-03
2.487047313615811748e-03
2.487047313615811748e-03
2.487047313615811748e-03
2.487047313615811748e-03
2.487047313615811748e-03
0.000000000000000000e+00
0.000000000000000000e+00
0.000000000000000000e+00
0.000000000000000000e+00
0.000000000000000000e+00
1.451702823349460339e-02
2.895106362284844900e-02
2.895106362284844900e-02
2.895106362284844900e-02
1.422790477936507030e-02
1.087569111486618237e-02
1.087569111486618237e-02
1.087569111486618237e-02
2.027402116525994433e-02
2.027402116525994433e-02
5.097702068777638061e-03
5.097702068777638061e-03
5.298105492489668840e-03
5.298105492489668840e-03
5.298105492489668840e-03
5.298105492489668840e-03
0.000000000000000000e+00
0.000000000000000000e+00
3.266883887833552276e-03
3.266883887833552276e-03
3.266883887833552276e-03
3.266883887833552276e-03
3.266883887833552276e-03
3.266883887833552276e-03
1.228887349488736423e-02
2.080206282279641050e-02
2.080206282279641050e-02
2.080206282279641050e-02
2.080206282279641050e-02
2.080206282279641050e-02
2.080206282279641050e-02
2.080206282279641050e-02
2.080206282279641050e-02
1.657839559153564610e-02
1.657839559153564610e-02
1.657839559153564610e-02
1.657839559153564610e-02
1.657839559153564610e-02
1.657839559153564610e-02
1.657839559153564610e-02
1.429830096244092200e-02
1.657839559153564610e-02
1.451702823349460339e-02
2.076892823457615264e-02
2.076892823457615264e-02
5.065022010631089339e-02
3.418797995009847934e-02
3.418797995009847934e-02
3.418797995009847934e-02
3.418797995009847934e-02
3.418797995009847934e-02
3.418797995009847934e-02
2.164034862094245740e-02
1.767274890470502124e-02
1.767274890470502124e-02
1.767274890470502124e-02
0.000000000000000000e+00
0.000000000000000000e+00
0.000000000000000000e+00
0.000000000000000000e+00
0.000000000000000000e+00
4.487418177597434985e-03
2.752918078474625094e-02
2.752918078474625094e-02
2.752918078474625094e-02
2.752918078474625094e-02
2.752918078474625094e-02
2.752918078474625094e-02
2.752918078474625094e-02
2.752918078474625094e-02
1.187255554378159259e-02
1.187255554378159259e-02
2.407572748277795119e-02
2.407572748277795119e-02
2.407572748277795119e-02
2.893764255471438333e-03
6.936298935134377515e-03
6.936298935134377515e-03
5.890334503912400196e-03
3.053604562287152513e-04
3.053604562287152513e-04
3.053604562287152513e-04
5.614240944610193740e-02
4.829647305797883650e-02
4.829647305797883650e-02
4.829647305797883650e-02
4.829647305797883650e-02
0.000000000000000000e+00
0.000000000000000000e+00
0.000000000000000000e+00
0.000000000000000000e+00
3.654291868167480056e-02
2.358097870767858831e-02
2.358097870767858831e-02
5.173065578894266159e-02
5.232613768636639601e-02
5.232613768636639601e-02
5.232613768636639601e-02
5.232613768636639601e-02
5.232613768636639601e-02
5.232613768636639601e-02
5.232613768636639601e-02
5.232613768636639601e-02
1.344774021364039500e-02
1.344774021364039500e-02
1.344774021364039500e-02
1.344774021364039500e-02
1.344774021364039500e-02
1.344774021364039500e-02
1.344774021364039500e-02
1.344774021364039500e-02
1.344774021364039500e-02
1.344774021364039500e-02
9.695374732676675933e-03
2.140688121562662680e-02
9.695374732676675933e-03
2.851442740269536681e-03
9.695374732676675933e-03
2.721876131332147397e-02
2.721876131332147397e-02
2.721876131332147397e-02
1.305380058445651775e-04
0.000000000000000000e+00
0.000000000000000000e+00
0.000000000000000000e+00
0.000000000000000000e+00
1.063907588124150989e-02
1.422790477936507030e-02
2.354516802368976022e-02
2.354516802368976022e-02
2.354516802368976022e-02
2.354516802368976022e-02
5.192760326160728891e-03
6.100318909857802355e-03
6.100318909857802355e-03
5.949957893364251791e-04
5.949957893364251791e-04
5.949957893364251791e-04
9.333001256247677214e-04
3.079872114931313590e-03
3.079872114931313590e-03
3.079872114931313590e-03
3.079872114931313590e-03
3.079872114931313590e-03
3.079872114931313590e-03
3.079872114931313590e-03
3.079872114931313590e-03
1.223813023492299409e-02
5.192760326160728891e-03
3.609061623247502432e-02
1.674129692118559928e-02
1.674129692118559928e-02
1.674129692118559928e-02
1.674129692118559928e-02
1.674129692118559928e-02
1.674129692118559928e-02
1.674129692118559928e-02
1.674129692118559928e-02
7.494942332289987290e-03
1.701053070515213747e-02
1.701053070515213747e-02
1.701053070515213747e-02
4.696992405408587784e-02
4.476405851535944502e-02
4.476405851535944502e-02
4.476405851535944502e-02
4.476405851535944502e-02
4.476405851535944502e-02
4.476405851535944502e-02
4.476405851535944502e-02
4.476405851535944502e-02
4.476405851535944502e-02
4.476405851535944502e-02
4.476405851535944502e-02
4.476405851535944502e-02
2.489641188610586687e-03
2.489641188610586687e-03
2.489641188610586687e-03
2.489641188610586687e-03
2.489641188610586687e-03
2.489641188610586687e-03
2.489641188610586687e-03
2.489641188610586687e-03
2.489641188610586687e-03
2.489641188610586687e-03
2.489641188610586687e-03
2.489641188610586687e-03
2.489641188610586687e-03
2.707701711110687207e-02
1.019358102667628808e-02
1.019358102667628808e-02
1.019358102667628808e-02
1.019358102667628808e-02
1.019358102667628808e-02
1.019358102667628808e-02
0.000000000000000000e+00
2.460083939038947357e-02
2.460083939038947357e-02
2.460083939038947357e-02
2.460083939038947357e-02
2.460083939038947357e-02
2.460083939038947357e-02
2.460083939038947357e-02
2.460083939038947357e-02
4.071340020993951397e-02
4.098411125284354833e-02
2.039079093407083348e-02
1.138320914129796121e-02
4.922878552761278913e-03
4.922878552761278913e-03
4.922878552761278913e-03
4.922878552761278913e-03
0.000000000000000000e+00
1.825309882909718212e-03
1.825309882909718212e-03
1.825309882909718212e-03
1.825309882909718212e-03
1.825309882909718212e-03
1.825309882909718212e-03
1.825309882909718212e-03
1.825309882909718212e-03
1.825309882909718212e-03
1.825309882909718212e-03
5.614240944610193740e-02
2.737647529613110656e-02
2.737647529613110656e-02
2.737647529613110656e-02
2.737647529613110656e-02
2.737647529613110656e-02
2.737647529613110656e-02
2.737647529613110656e-02
2.737647529613110656e-02
2.737647529613110656e-02
2.737647529613110656e-02
2.737647529613110656e-02
2.737647529613110656e-02
2.737647529613110656e-02
2.737647529613110656e-02
2.737647529613110656e-02
9.194696469119854540e-03
9.194696469119854540e-03
9.194696469119854540e-03
9.194696469119854540e-03
4.332652883990187331e-02
4.332652883990187331e-02
4.332652883990187331e-02
4.332652883990187331e-02
2.039079093407083348e-02
2.039079093407083348e-02
2.039079093407083348e-02
2.039079093407083348e-02
2.039079093407083348e-02
2.039079093407083348e-02
2.370538415750241684e-02
2.933359753899205530e-02
2.933359753899205530e-02
2.933359753899205530e-02
2.933359753899205530e-02
2.933359753899205530e-02
2.933359753899205530e-02
2.933359753899205530e-02
2.933359753899205530e-02
0.000000000000000000e+00
0.000000000000000000e+00
0.000000000000000000e+00
2.793425691242123338e-02
2.793425691242123338e-02
2.793425691242123338e-02
2.793425691242123338e-02
2.793425691242123338e-02
2.793425691242123338e-02
2.793425691242123338e-02
2.793425691242123338e-02
2.793425691242123338e-02
2.793425691242123338e-02
2.793425691242123338e-02
2.793425691242123338e-02
2.793425691242123338e-02
2.336016827547271815e-02
2.236819320580999901e-02
2.236819320580999901e-02
2.236819320580999901e-02
2.236819320580999901e-02
2.236819320580999901e-02
2.236819320580999901e-02
2.236819320580999901e-02
2.236819320580999901e-02
1.288122804308218863e-02
1.365423757577784863e-02
1.365423757577784863e-02
1.365423757577784863e-02
1.365423757577784863e-02
0.000000000000000000e+00
0.000000000000000000e+00
0.000000000000000000e+00
0.000000000000000000e+00
0.000000000000000000e+00
0.000000000000000000e+00
1.288301890640881561e-02
1.288301890640881561e-02
1.288301890640881561e-02
2.140572434687577907e-03
2.140572434687577907e-03
2.140572434687577907e-03
2.140572434687577907e-03
2.443266653215672018e-02
1.267234858825721545e-02
1.267234858825721545e-02
1.267234858825721545e-02
1.267234858825721545e-02
1.267234858825721545e-02
1.267234858825721545e-02
1.267234858825721545e-02
1.267234858825721545e-02
1.267234858825721545e-02
1.267234858825721545e-02
1.267234858825721545e-02
1.267234858825721545e-02
1.447679650200982618e-02
2.248322497532456721e-02
2.248322497532456721e-02
2.248322497532456721e-02
2.248322497532456721e-02
3.811222385443697319e-02
3.811222385443697319e-02
3.811222385443697319e-02
3.811222385443697319e-02
3.811222385443697319e-02
3.811222385443697319e-02
3.811222385443697319e-02
3.811222385443697319e-02
3.811222385443697319e-02
3.811222385443697319e-02
3.811222385443697319e-02
1.912513954979434307e-03
1.912513954979434307e-03
1.912513954979434307e-03
1.886729387967453139e-02
9.432285489948946319e-03
9.432285489948946319e-03
9.432285489948946319e-03
9.432285489948946319e-03
9.432285489948946319e-03
9.432285489948946319e-03
9.432285489948946319e-03
9.432285489948946319e-03
9.432285489948946319e-03
9.432285489948946319e-03
2.759397121931868920e-03
2.759397121931868920e-03
2.759397121931868920e-03
2.759397121931868920e-03
1.886729387967453139e-02
1.886729387967453139e-02
1.559883447572164676e-02
1.141769700376653969e-03
1.141769700376653969e-03
1.141769700376653969e-03
1.141769700376653969e-03
0.000000000000000000e+00
0.000000000000000000e+00
0.000000000000000000e+00
0.000000000000000000e+00
1.179686086009548024e-02
3.424524200712204119e-02
8.188066118506264618e-03
0.000000000000000000e+00
0.000000000000000000e+00
0.000000000000000000e+00
0.000000000000000000e+00
1.179686086009548024e-02
1.179686086009548024e-02
1.179686086009548024e-02
1.179686086009548024e-02
1.179686086009548024e-02
1.179686086009548024e-02
1.179686086009548024e-02
1.179686086009548024e-02
1.082029801597834962e-02
1.347516784418550722e-03
1.347516784418550722e-03
1.347516784418550722e-03
1.151015782479334650e-02
8.329344543072658702e-03
8.329344543072658702e-03
9.510280899388356621e-03
1.508317659326965932e-02
1.508317659326965932e-02
1.489223751075066313e-02
1.508317659326965932e-02
2.438645309578077805e-02
0.000000000000000000e+00
2.490474003467375505e-02
5.920653488765306553e-03
1.231241807013281654e-02
5.920653488765306553e-03
5.920653488765306553e-03
5.920653488765306553e-03
5.920653488765306553e-03
5.920653488765306553e-03
5.920653488765306553e-03
5.920653488765306553e-03
1.231241807013281654e-02
0.000000000000000000e+00
0.000000000000000000e+00
0.000000000000000000e+00
0.000000000000000000e+00
1.065981713852694017e-02
1.534592880145195688e-02
1.534592880145195688e-02
5.811073731966976980e-04
4.544276805015871196e-02
4.544276805015871196e-02
1.065981713852694017e-02
1.506835618359773227e-02
1.212338202111010871e-02
1.212338202111010871e-02
1.212338202111010871e-02
1.212338202111010871e-02
1.212338202111010871e-02
1.212338202111010871e-02
2.390630838239747938e-02
5.811073731966976980e-04
5.811073731966976980e-04
5.811073731966976980e-04
0.000000000000000000e+00
1.844078561280335440e-02
2.390630838239747938e-02
1.151015782479334650e-02
1.151015782479334650e-02
1.151015782479334650e-02
1.151015782479334650e-02
1.151015782479334650e-02
1.151015782479334650e-02
1.151015782479334650e-02
1.844078561280335440e-02
1.844078561280335440e-02
1.223813023492299409e-02
1.223813023492299409e-02
1.223813023492299409e-02
1.223813023492299409e-02
1.223813023492299409e-02
1.223813023492299409e-02
1.223813023492299409e-02
1.223813023492299409e-02
0.000000000000000000e+00
1.539113985400143540e-02
1.539113985400143540e-02
1.539113985400143540e-02
1.539113985400143540e-02
1.539113985400143540e-02
1.539113985400143540e-02
1.665059910796628379e-02
1.665059910796628379e-02
1.665059910796628379e-02
1.665059910796628379e-02
1.820699261255646732e-04
1.820699261255646732e-04
1.820699261255646732e-04
1.820699261255646732e-04
1.820699261255646732e-04
1.820699261255646732e-04
8.349074520125957660e-03
6.520289438932544250e-03
6.520289438932544250e-03
7.116170673544973055e-03
7.116170673544973055e-03
7.116170673544973055e-03
7.116170673544973055e-03
7.116170673544973055e-03
7.116170673544973055e-03
7.116170673544973055e-03
7.116170673544973055e-03
7.116170673544973055e-03
7.116170673544973055e-03
7.116170673544973055e-03
7.116170673544973055e-03
7.116170673544973055e-03
7.116170673544973055e-03
7.116170673544973055e-03
7.116170673544973055e-03
7.116170673544973055e-03
7.116170673544973055e-03
7.116170673544973055e-03
8.349074520125957660e-03
3.162579511354680819e-03
3.162579511354680819e-03
5.065022010631089339e-02
0.000000000000000000e+00
0.000000000000000000e+00
7.494942332289987290e-03
7.494942332289987290e-03
4.316510130243624010e-02
2.112220229711014516e-02
2.112220229711014516e-02
2.112220229711014516e-02
2.112220229711014516e-02
2.112220229711014516e-02
2.112220229711014516e-02
2.112220229711014516e-02
2.112220229711014516e-02
4.696992405408587784e-02
4.696992405408587784e-02
0.000000000000000000e+00
0.000000000000000000e+00
4.316510130243624010e-02
4.316510130243624010e-02
0.000000000000000000e+00
0.000000000000000000e+00
0.000000000000000000e+00
0.000000000000000000e+00
4.487418177597434985e-03
4.487418177597434985e-03
4.071340020993951397e-02
4.071340020993951397e-02
4.071340020993951397e-02
7.191886274873138252e-02
7.191886274873138252e-02
7.191886274873138252e-02
7.191886274873138252e-02
7.191886274873138252e-02
7.191886274873138252e-02
0.000000000000000000e+00
0.000000000000000000e+00
2.985090271384299720e-02
2.985090271384299720e-02
0.000000000000000000e+00
0.000000000000000000e+00
0.000000000000000000e+00
0.000000000000000000e+00
0.000000000000000000e+00
0.000000000000000000e+00
0.000000000000000000e+00
2.652781822976477480e-02
2.652781822976477480e-02
2.652781822976477480e-02
1.288122804308218863e-02
1.288122804308218863e-02
1.288122804308218863e-02
1.288122804308218863e-02
1.288122804308218863e-02
1.288122804308218863e-02
2.336016827547271815e-02
2.336016827547271815e-02
0.000000000000000000e+00
0.000000000000000000e+00
0.000000000000000000e+00
0.000000000000000000e+00
0.000000000000000000e+00
0.000000000000000000e+00
0.000000000000000000e+00
0.000000000000000000e+00
0.000000000000000000e+00
0.000000000000000000e+00
1.304451765021596987e-02
5.469583816091297922e-03
0.000000000000000000e+00
0.000000000000000000e+00
0.000000000000000000e+00
0.000000000000000000e+00
0.000000000000000000e+00
0.000000000000000000e+00
0.000000000000000000e+00
0.000000000000000000e+00
0.000000000000000000e+00
0.000000000000000000e+00
0.000000000000000000e+00
0.000000000000000000e+00
1.449888881789368651e-02
7.866102700141638926e-03
7.866102700141638926e-03
7.866102700141638926e-03
7.866102700141638926e-03
7.866102700141638926e-03
7.866102700141638926e-03
1.215880131070765785e-02
1.215880131070765785e-02
1.559883447572164676e-02
0.000000000000000000e+00
0.000000000000000000e+00
0.000000000000000000e+00
0.000000000000000000e+00
2.404084287535143347e-02
2.404084287535143347e-02
2.721100759892190052e-02
2.721100759892190052e-02
8.188066118506264618e-03
0.000000000000000000e+00
0.000000000000000000e+00
0.000000000000000000e+00
0.000000000000000000e+00
9.333001256247677214e-04
9.333001256247677214e-04
5.339146203749434334e-03
2.114784866340452263e-02
2.114784866340452263e-02
2.114784866340452263e-02
2.114784866340452263e-02
2.114784866340452263e-02
2.114784866340452263e-02
1.422790477936507030e-02
0.000000000000000000e+00
1.082029801597834962e-02
1.082029801597834962e-02
5.173065578894266159e-02
5.173065578894266159e-02
5.173065578894266159e-02
5.173065578894266159e-02
1.447679650200982618e-02
1.447679650200982618e-02
1.447679650200982618e-02
1.447679650200982618e-02
1.447679650200982618e-02
1.447679650200982618e-02
0.000000000000000000e+00
0.000000000000000000e+00
2.443266653215672018e-02
0.000000000000000000e+00
9.478503344031184502e-04
2.412081230742570397e-03
2.412081230742570397e-03
2.412081230742570397e-03
2.412081230742570397e-03
2.412081230742570397e-03
2.412081230742570397e-03
2.370538415750241684e-02
2.370538415750241684e-02
1.118733861677828970e-02
1.561551088293638024e-03
1.561551088293638024e-03
5.469583816091297922e-03
5.469583816091297922e-03
5.469583816091297922e-03
1.944841383455169284e-02
1.647278128561403127e-02
1.647278128561403127e-02
1.647278128561403127e-02
1.647278128561403127e-02
1.647278128561403127e-02
1.647278128561403127e-02
1.647278128561403127e-02
1.647278128561403127e-02
1.647278128561403127e-02
1.647278128561403127e-02
1.647278128561403127e-02
1.647278128561403127e-02
1.628713580488097556e-02
0.000000000000000000e+00
1.118733861677828970e-02
1.449888881789368651e-02
1.449888881789368651e-02
1.449888881789368651e-02
1.449888881789368651e-02
0.000000000000000000e+00
0.000000000000000000e+00
0.000000000000000000e+00
0.000000000000000000e+00
0.000000000000000000e+00
0.000000000000000000e+00
0.000000000000000000e+00
0.000000000000000000e+00
2.164034862094245740e-02
2.164034862094245740e-02
2.164034862094245740e-02
9.478503344031184502e-04
9.478503344031184502e-04
9.478503344031184502e-04
9.478503344031184502e-04
9.478503344031184502e-04
9.478503344031184502e-04
9.478503344031184502e-04
9.478503344031184502e-04
9.478503344031184502e-04
9.478503344031184502e-04
9.478503344031184502e-04
9.478503344031184502e-04
5.895025235592050994e-03
8.978589787277750298e-03
8.978589787277750298e-03
4.705685697416420003e-03
4.705685697416420003e-03
4.705685697416420003e-03
4.705685697416420003e-03
4.705685697416420003e-03
4.705685697416420003e-03
5.895025235592050994e-03
5.895025235592050994e-03
5.895025235592050994e-03
5.895025235592050994e-03
5.895025235592050994e-03
5.895025235592050994e-03
5.895025235592050994e-03
5.895025235592050994e-03
1.291871940616766412e-02
1.291871940616766412e-02
1.291871940616766412e-02
1.291871940616766412e-02
1.291871940616766412e-02
1.291871940616766412e-02
0.000000000000000000e+00
0.000000000000000000e+00
0.000000000000000000e+00
0.000000000000000000e+00
0.000000000000000000e+00
0.000000000000000000e+00
3.609061623247502432e-02
3.609061623247502432e-02
5.614240944610193740e-02
1.776474307577595099e-02
1.776474307577595099e-02
1.776474307577595099e-02
1.776474307577595099e-02
1.776474307577595099e-02
1.776474307577595099e-02
2.130601536755634753e-02
2.130601536755634753e-02
1.944841383455169284e-02
1.944841383455169284e-02
5.890334503912400196e-03
5.890334503912400196e-03
7.798838975652928884e-03
1.228887349488736423e-02
0.000000000000000000e+00
0.000000000000000000e+00
0.000000000000000000e+00
7.798838975652928884e-03
7.798838975652928884e-03
1.869575038055416166e-02
1.869575038055416166e-02
1.869575038055416166e-02
0.000000000000000000e+00
1.506835618359773227e-02
1.506835618359773227e-02
1.506835618359773227e-02
1.506835618359773227e-02
1.506835618359773227e-02
1.506835618359773227e-02
1.304264885088027119e-02
1.304264885088027119e-02
1.304264885088027119e-02
1.304264885088027119e-02
1.304264885088027119e-02
1.304264885088027119e-02
1.304264885088027119e-02
1.304264885088027119e-02
1.304264885088027119e-02
1.304264885088027119e-02
1.304264885088027119e-02
0.000000000000000000e+00
0.000000000000000000e+00
0.000000000000000000e+00
0.000000000000000000e+00
5.098256930045160689e-04
5.098256930045160689e-04
9.510280899388356621e-03
9.510280899388356621e-03
1.147156190172411196e-02
1.429830096244092200e-02
1.147156190172411196e-02
1.147156190172411196e-02
