2.477442234592994869e-02
4.257618838059674948e-03
4.257618838059674948e-03
4.257618838059674948e-03
4.257618838059674948e-03
4.257618838059674948e-03
4.257618838059674948e-03
4.257618838059674948e-03
4.257618838059674948e-03
1.102510888578447056e-02
1.102510888578447056e-02
1.102510888578447056e-02
1.102510888578447056e-02
1.102510888578447056e-02
1.102510888578447056e-02
1.102510888578447056e-02
1.102510888578447056e-02
1.102510888578447056e-02
1.102510888578447056e-02
1.102510888578447056e-02
1.264312293116258770e-02
1.264312293116258770e-02
1.264312293116258770e-02
1.264312293116258770e-02
1.264312293116258770e-02
1.264312293116258770e-02
1.264312293116258770e-02
1.264312293116258770e-02
1.264312293116258770e-02
1.264312293116258770e-02
1.264312293116258770e-02
5.456702525422540452e-03
5.456702525422540452e-03
5.456702525422540452e-03
5.456702525422540452e-03
5.456702525422540452e-03
5.456702525422540452e-03
5.456702525422540452e-03
5.456702525422540452e-03
5.456702525422540452e-03
5.456702525422540452e-03
5.456702525422540452e-03
1.441303215787503346e-02
1.441303215787503346e-02
1.441303215787503346e-02
1.441303215787503346e-02
1.441303215787503346e-02
1.441303215787503346e-02
1.441303215787503346e-02
1.441303215787503346e-02
1.441303215787503346e-02
1.441303215787503346e-02
1.441303215787503346e-02
1.784493728736629261e-03
1.784493728736629261e-03
1.784493728736629261e-03
1.784493728736629261e-03
1.784493728736629261e-03
1.784493728736629261e-03
1.784493728736629261e-03
1.784493728736629261e-03
1.784493728736629261e-03
1.784493728736629261e-03
1.784493728736629261e-03
2.506394769657427010e-02
1.093544405458323713e-03
1.093544405458323713e-03
1.093544405458323713e-03
1.093544405458323713e-03
1.093544405458323713e-03
1.093544405458323713e-03
2.134697663388238076e-02
1.881165274442722635e-02
1.881165274442722635e-02
1.881165274442722635e-02
1.881165274442722635e-02
1.881165274442722635e-02
1.881165274442722635e-02
1.881165274442722635e-02
1.881165274442722635e-02
1.881165274442722635e-02
1.881165274442722635e-02
1.881165274442722635e-02
1.881165274442722635e-02
1.881165274442722635e-02
1.881165274442722635e-02
1.881165274442722635e-02
1.881165274442722635e-02
2.788027443618226048e-02
2.788027443618226048e-02
2.788027443618226048e-02
2.788027443618226048e-02
2.788027443618226048e-02
2.788027443618226048e-02
2.788027443618226048e-02
2.788027443618226048e-02
2.788027443618226048e-02
2.788027443618226048e-02
2.788027443618226048e-02
2.788027443618226048e-02
2.788027443618226048e-02
1.280392663594177426e-03
9.440727405498595091e-04
9.440727405498595091e-04
9.440727405498595091e-04
9.440727405498595091e-04
9.440727405498595091e-04
9.440727405498595091e-04
9.440727405498595091e-04
9.440727405498595091e-04
1.059041966831747797e-02
4.366692177543784505e-03
4.366692177543784505e-03
4.366692177543784505e-03
4.366692177543784505e-03
4.366692177543784505e-03
4.366692177543784505e-03
4.681743599417976555e-03
0.000000000000000000e+00
0.000000000000000000e+00
0.000000000000000000e+00
0.000000000000000000e+00
0.000000000000000000e+00
0.000000000000000000e+00
5.450778317394779603e-03
3.451558439677371738e-03
3.451558439677371738e-03
3.451558439677371738e-03
3.451558439677371738e-03
3.451558439677371738e-03
3.451558439677371738e-03
2.588901984050845373e-02
3.421403563862929383e-03
3.421403563862929383e-03
3.421403563862929383e-03
3.421403563862929383e-03
3.421403563862929383e-03
3.421403563862929383e-03
3.421403563862929383e-03
3.421403563862929383e-03
3.421403563862929383e-03
3.421403563862929383e-03
0.000000000000000000e+00
0.000000000000000000e+00
0.000000000000000000e+00
0.000000000000000000e+00
0.000000000000000000e+00
1.066426890455369515e-02
5.003679891750402427e-07
5.003679891750402427e-07
5.003679891750402427e-07
5.003679891750402427e-07
5.003679891750402427e-07
5.003679891750402427e-07
5.003679891750402427e-07
5.003679891750402427e-07
1.453305789029922350e-02
8.540681389470089480e-03
5.511077354618330003e-03
3.280072122984336886e-03
5.511077354618330003e-03
8.540681389470089480e-03
0.000000000000000000e+00
0.000000000000000000e+00
0.000000000000000000e+00
0.000000000000000000e+00
0.000000000000000000e+00
0.000000000000000000e+00
0.000000000000000000e+00
0.000000000000000000e+00
0.000000000000000000e+00
0.000000000000000000e+00
0.000000000000000000e+00
0.000000000000000000e+00
0.000000000000000000e+00
0.000000000000000000e+00
0.000000000000000000e+00
0.000000000000000000e+00
0.000000000000000000e+00
3.280072122984336886e-03
3.280072122984336886e-03
3.280072122984336886e-03
6.578462260140555996e-03
1.038124494346488041e-02
1.038124494346488041e-02
1.038124494346488041e-02
1.038124494346488041e-02
1.179660465405979186e-01
5.346223074628711838e-03
5.346223074628711838e-03
5.346223074628711838e-03
5.346223074628711838e-03
5.346223074628711838e-03
5.346223074628711838e-03
3.531289159914617962e-03
1.731571738979793829e-02
1.731571738979793829e-02
1.731571738979793829e-02
1.731571738979793829e-02
2.357499187592959622e-02
5.344700834861573074e-02
5.344700834861573074e-02
1.191726660169777768e-02
1.231358721927907664e-02
1.231358721927907664e-02
1.231358721927907664e-02
1.231358721927907664e-02
8.756472174634702052e-03
4.919798130648279054e-03
4.919798130648279054e-03
3.086118120790173544e-02
2.517659063156432384e-02
2.517659063156432384e-02
2.517659063156432384e-02
2.517659063156432384e-02
2.517659063156432384e-02
2.517659063156432384e-02
2.517659063156432384e-02
2.517659063156432384e-02
2.517659063156432384e-02
2.517659063156432384e-02
2.722409884657547505e-02
2.722409884657547505e-02
2.722409884657547505e-02
2.722409884657547505e-02
2.722409884657547505e-02
2.722409884657547505e-02
2.722409884657547505e-02
2.722409884657547505e-02
2.722409884657547505e-02
2.722409884657547505e-02
2.722409884657547505e-02
2.722409884657547505e-02
2.722409884657547505e-02
2.722409884657547505e-02
2.722409884657547505e-02
2.722409884657547505e-02
2.722409884657547505e-02
2.722409884657547505e-02
2.722409884657547505e-02
9.158529094228075318e-03
7.188678148220123236e-03
7.188678148220123236e-03
3.705073869855338847e-02
4.445845051653803115e-02
4.445845051653803115e-02
2.867874442220581105e-02
9.713747752928608356e-03
9.713747752928608356e-03
9.713747752928608356e-03
9.713747752928608356e-03
9.713747752928608356e-03
9.713747752928608356e-03
9.713747752928608356e-03
9.713747752928608356e-03
9.713747752928608356e-03
9.713747752928608356e-03
1.928645963338788266e-02
1.928645963338788266e-02
1.928645963338788266e-02
1.928645963338788266e-02
1.928645963338788266e-02
1.928645963338788266e-02
1.928645963338788266e-02
1.928645963338788266e-02
1.928645963338788266e-02
1.928645963338788266e-02
1.928645963338788266e-02
1.152195188637821291e-02
1.195982829890321168e-02
1.195982829890321168e-02
1.195982829890321168e-02
1.195982829890321168e-02
9.597956213837370489e-04
3.857676424517982820e-03
3.857676424517982820e-03
3.857676424517982820e-03
3.857676424517982820e-03
3.857676424517982820e-03
3.857676424517982820e-03
1.910153735673779732e-02
4.408978925433158780e-02
4.408978925433158780e-02
8.459035753477228692e-03
8.459035753477228692e-03
8.459035753477228692e-03
8.459035753477228692e-03
8.459035753477228692e-03
8.459035753477228692e-03
8.459035753477228692e-03
8.459035753477228692e-03
8.459035753477228692e-03
8.459035753477228692e-03
8.459035753477228692e-03
8.459035753477228692e-03
8.459035753477228692e-03
8.459035753477228692e-03
8.459035753477228692e-03
2.305965932576545599e-03
2.346585142161575557e-02
2.346585142161575557e-02
2.346585142161575557e-02
2.346585142161575557e-02
9.158209799278019259e-03
3.531289159914617962e-03
3.531289159914617962e-03
3.531289159914617962e-03
1.448465446744656368e-02
1.922032309516807577e-02
1.992912696485882318e-03
1.992912696485882318e-03
1.992912696485882318e-03
1.992912696485882318e-03
1.992912696485882318e-03
1.992912696485882318e-03
1.992912696485882318e-03
1.922032309516807577e-02
1.922032309516807577e-02
1.922032309516807577e-02
2.305965932576545599e-03
2.305965932576545599e-03
2.305965932576545599e-03
2.305965932576545599e-03
2.305965932576545599e-03
2.305965932576545599e-03
2.305965932576545599e-03
2.305965932576545599e-03
2.305965932576545599e-03
2.305965932576545599e-03
2.305965932576545599e-03
2.305965932576545599e-03
2.770024440979673621e-03
5.396904380931605814e-03
5.396904380931605814e-03
0.000000000000000000e+00
0.000000000000000000e+00
0.000000000000000000e+00
2.295890972283784384e-03
5.167392741912263214e-03
5.167392741912263214e-03
5.167392741912263214e-03
5.167392741912263214e-03
5.167392741912263214e-03
5.167392741912263214e-03
4.330642005091168804e-03
6.908128207899331789e-03
6.908128207899331789e-03
6.908128207899331789e-03
6.908128207899331789e-03
6.908128207899331789e-03
6.908128207899331789e-03
6.908128207899331789e-03
6.908128207899331789e-03
1.205504162260890612e-02
3.574573420445788241e-02
3.574573420445788241e-02
3.574573420445788241e-02
3.574573420445788241e-02
3.574573420445788241e-02
3.574573420445788241e-02
0.000000000000000000e+00
8.351811559667649681e-03
8.351811559667649681e-03
8.351811559667649681e-03
8.351811559667649681e-03
8.351811559667649681e-03
8.351811559667649681e-03
0.000000000000000000e+00
4.509229752261769385e-03
4.509229752261769385e-03
4.509229752261769385e-03
4.509229752261769385e-03
4.509229752261769385e-03
4.509229752261769385e-03
4.509229752261769385e-03
4.509229752261769385e-03
4.509229752261769385e-03
4.509229752261769385e-03
6.584564477959468226e-03
3.276791376535810596e-03
3.276791376535810596e-03
3.276791376535810596e-03
3.276791376535810596e-03
3.276791376535810596e-03
3.276791376535810596e-03
3.276791376535810596e-03
3.276791376535810596e-03
0.000000000000000000e+00
3.666339912207223356e-02
3.666339912207223356e-02
3.666339912207223356e-02
3.666339912207223356e-02
3.666339912207223356e-02
3.666339912207223356e-02
3.666339912207223356e-02
3.666339912207223356e-02
2.121520948134138565e-02
4.119875416117834040e-03
4.119875416117834040e-03
4.119875416117834040e-03
4.119875416117834040e-03
4.119875416117834040e-03
4.119875416117834040e-03
4.119875416117834040e-03
4.119875416117834040e-03
5.001982017746357638e-03
5.001982017746357638e-03
5.001982017746357638e-03
5.001982017746357638e-03
5.001982017746357638e-03
5.001982017746357638e-03
5.001982017746357638e-03
5.011355498761402294e-03
5.001982017746357638e-03
5.001982017746357638e-03
5.001982017746357638e-03
5.001982017746357638e-03
5.001982017746357638e-03
9.088633942983396705e-03
1.420506221623185454e-02
1.420506221623185454e-02
1.420506221623185454e-02
1.420506221623185454e-02
1.420506221623185454e-02
1.420506221623185454e-02
1.420506221623185454e-02
1.420506221623185454e-02
1.420506221623185454e-02
1.420506221623185454e-02
5.429791001840975073e-03
8.686003427294166496e-03
8.686003427294166496e-03
0.000000000000000000e+00
1.691609925616795532e-02
1.691609925616795532e-02
1.691609925616795532e-02
1.691609925616795532e-02
1.691609925616795532e-02
1.691609925616795532e-02
1.453305789029922350e-02
1.453305789029922350e-02
1.837515569616227085e-03
1.227000867151152586e-02
1.227000867151152586e-02
5.078215415217275999e-03
1.227000867151152586e-02
1.227000867151152586e-02
1.227000867151152586e-02
1.014336534651902495e-02
1.012596582729142353e-02
1.012596582729142353e-02
4.762438885768054521e-04
1.633382139949737799e-02
1.633382139949737799e-02
1.633382139949737799e-02
1.633382139949737799e-02
1.747210098638962705e-02
2.183799962435976991e-03
2.183799962435976991e-03
2.183799962435976991e-03
2.183799962435976991e-03
2.183799962435976991e-03
2.183799962435976991e-03
2.183799962435976991e-03
2.183799962435976991e-03
2.183799962435976991e-03
2.183799962435976991e-03
2.183799962435976991e-03
2.183799962435976991e-03
2.183799962435976991e-03
2.183799962435976991e-03
2.183799962435976991e-03
2.183799962435976991e-03
2.183799962435976991e-03
2.183799962435976991e-03
2.183799962435976991e-03
2.183799962435976991e-03
1.937658197009437672e-02
1.817525839696569612e-02
1.817525839696569612e-02
1.817525839696569612e-02
1.817525839696569612e-02
1.817525839696569612e-02
1.817525839696569612e-02
1.817525839696569612e-02
1.817525839696569612e-02
2.477442234592994869e-02
2.477442234592994869e-02
2.477442234592994869e-02
2.477442234592994869e-02
3.317502645244617670e-03
3.826395313913442779e-03
3.826395313913442779e-03
3.826395313913442779e-03
3.826395313913442779e-03
0.000000000000000000e+00
0.000000000000000000e+00
0.000000000000000000e+00
0.000000000000000000e+00
9.088633942983396705e-03
9.088633942983396705e-03
9.088633942983396705e-03
9.088633942983396705e-03
3.995062933199973465e-02
5.415172576084012479e-02
5.415172576084012479e-02
5.415172576084012479e-02
5.415172576084012479e-02
5.415172576084012479e-02
5.415172576084012479e-02
5.415172576084012479e-02
5.415172576084012479e-02
5.415172576084012479e-02
5.415172576084012479e-02
5.415172576084012479e-02
5.415172576084012479e-02
5.415172576084012479e-02
5.415172576084012479e-02
5.415172576084012479e-02
5.415172576084012479e-02
5.415172576084012479e-02
5.415172576084012479e-02
5.415172576084012479e-02
5.415172576084012479e-02
0.000000000000000000e+00
0.000000000000000000e+00
8.164530198781456277e-03
3.156769324616173918e-04
3.156769324616173918e-04
2.271057910654934037e-02
8.942116133410732068e-03
8.942116133410732068e-03
8.942116133410732068e-03
8.942116133410732068e-03
8.942116133410732068e-03
8.942116133410732068e-03
8.942116133410732068e-03
8.942116133410732068e-03
8.942116133410732068e-03
8.942116133410732068e-03
8.942116133410732068e-03
8.942116133410732068e-03
6.175184393464439210e-03
4.245920889773872886e-03
4.245920889773872886e-03
2.583595431103660744e-03
2.583595431103660744e-03
2.583595431103660744e-03
2.583595431103660744e-03
2.583595431103660744e-03
2.583595431103660744e-03
2.583595431103660744e-03
2.583595431103660744e-03
2.583595431103660744e-03
2.583595431103660744e-03
2.583595431103660744e-03
2.583595431103660744e-03
2.583595431103660744e-03
2.583595431103660744e-03
2.583595431103660744e-03
2.583595431103660744e-03
2.583595431103660744e-03
2.583595431103660744e-03
2.583595431103660744e-03
2.908230019768568222e-02
1.630657807576432056e-02
2.908230019768568222e-02
2.908230019768568222e-02
2.908230019768568222e-02
2.908230019768568222e-02
2.908230019768568222e-02
2.908230019768568222e-02
2.908230019768568222e-02
1.630657807576432056e-02
8.164530198781456277e-03
3.113591336090969696e-04
3.113591336090969696e-04
3.113591336090969696e-04
3.113591336090969696e-04
1.191726660169777768e-02
1.191726660169777768e-02
1.191726660169777768e-02
1.191726660169777768e-02
1.191726660169777768e-02
1.191726660169777768e-02
1.191726660169777768e-02
1.191726660169777768e-02
9.287511552579492610e-03
3.397041515958802715e-02
3.397041515958802715e-02
3.397041515958802715e-02
3.397041515958802715e-02
3.397041515958802715e-02
3.397041515958802715e-02
3.397041515958802715e-02
3.397041515958802715e-02
1.220558615691517794e-02
7.273315010893345069e-03
7.273315010893345069e-03
7.273315010893345069e-03
7.273315010893345069e-03
9.317995904331459467e-03
8.756472174634702052e-03
8.756472174634702052e-03
8.756472174634702052e-03
8.756472174634702052e-03
8.756472174634702052e-03
8.756472174634702052e-03
8.756472174634702052e-03
2.273659784870784781e-02
2.871970616017605754e-02
2.871970616017605754e-02
2.871970616017605754e-02
2.871970616017605754e-02
2.871970616017605754e-02
2.871970616017605754e-02
1.359973077616013874e-02
0.000000000000000000e+00
0.000000000000000000e+00
2.273659784870784781e-02
2.273659784870784781e-02
2.273659784870784781e-02
2.273659784870784781e-02
2.273659784870784781e-02
2.273659784870784781e-02
2.273659784870784781e-02
2.273659784870784781e-02
2.588901984050845373e-02
2.588901984050845373e-02
2.588901984050845373e-02
2.588901984050845373e-02
1.205504162260890612e-02
1.205504162260890612e-02
1.205504162260890612e-02
1.205504162260890612e-02
1.451813317536169295e-02
5.429791001840975073e-03
5.429791001840975073e-03
5.429791001840975073e-03
0.000000000000000000e+00
0.000000000000000000e+00
0.000000000000000000e+00
2.133411571642269411e-01
0.000000000000000000e+00
2.133411571642269411e-01
2.133411571642269411e-01
2.133411571642269411e-01
2.133411571642269411e-01
2.133411571642269411e-01
2.133411571642269411e-01
1.845027676624820187e-02
1.802924733923279635e-02
1.802924733923279635e-02
1.802924733923279635e-02
1.802924733923279635e-02
1.802924733923279635e-02
1.802924733923279635e-02
1.802924733923279635e-02
1.802924733923279635e-02
7.410040343606927316e-03
1.674103343271103519e-03
1.674103343271103519e-03
1.448465446744656368e-02
1.448465446744656368e-02
9.784966017831943363e-03
9.784966017831943363e-03
9.784966017831943363e-03
1.336798277760378566e-02
9.784966017831943363e-03
9.784966017831943363e-03
9.784966017831943363e-03
1.336798277760378566e-02
1.336798277760378566e-02
1.336798277760378566e-02
1.800438507272506677e-02
2.001895965857447210e-02
1.761190344398563534e-01
1.761190344398563534e-01
1.761190344398563534e-01
5.495246323186466809e-03
2.001895965857447210e-02
2.001895965857447210e-02
2.001895965857447210e-02
5.734176517475993162e-03
1.965972744758136964e-02
1.965972744758136964e-02
1.965972744758136964e-02
1.965972744758136964e-02
3.433431918251316634e-02
1.260196020121594901e-02
1.260196020121594901e-02
1.260196020121594901e-02
1.260196020121594901e-02
1.260196020121594901e-02
1.260196020121594901e-02
0.000000000000000000e+00
5.606576591895970872e-03
5.606576591895970872e-03
5.606576591895970872e-03
5.606576591895970872e-03
5.606576591895970872e-03
5.606576591895970872e-03
5.606576591895970872e-03
5.606576591895970872e-03
5.606576591895970872e-03
5.606576591895970872e-03
2.591087602706044005e-02
2.357499187592959622e-02
2.357499187592959622e-02
2.357499187592959622e-02
7.410040343606927316e-03
7.410040343606927316e-03
7.410040343606927316e-03
7.410040343606927316e-03
7.410040343606927316e-03
7.410040343606927316e-03
7.410040343606927316e-03
7.410040343606927316e-03
7.410040343606927316e-03
7.410040343606927316e-03
7.410040343606927316e-03
7.410040343606927316e-03
7.410040343606927316e-03
7.410040343606927316e-03
7.410040343606927316e-03
7.410040343606927316e-03
5.734176517475993162e-03
5.734176517475993162e-03
5.734176517475993162e-03
5.734176517475993162e-03
5.734176517475993162e-03
5.734176517475993162e-03
0.000000000000000000e+00
2.285097826406418120e-02
3.162610477172900919e-02
3.162610477172900919e-02
3.162610477172900919e-02
3.162610477172900919e-02
3.162610477172900919e-02
3.162610477172900919e-02
3.162610477172900919e-02
2.285097826406418120e-02
6.200807151294641939e-02
0.000000000000000000e+00
0.000000000000000000e+00
1.088309333483026067e-02
2.569417289428908152e-02
2.569417289428908152e-02
2.569417289428908152e-02
2.569417289428908152e-02
0.000000000000000000e+00
0.000000000000000000e+00
0.000000000000000000e+00
1.066426890455369515e-02
8.794742900879486819e-03
8.794742900879486819e-03
8.794742900879486819e-03
8.794742900879486819e-03
9.317995904331459467e-03
9.317995904331459467e-03
1.213982373690386009e-02
1.638788731254213829e-02
1.638788731254213829e-02
1.638788731254213829e-02
1.638788731254213829e-02
1.638788731254213829e-02
1.638788731254213829e-02
9.756426642328888330e-03
7.880962959376916488e-03
1.405444267283619550e-03
1.405444267283619550e-03
1.405444267283619550e-03
7.880962959376916488e-03
7.880962959376916488e-03
7.880962959376916488e-03
1.014336534651902495e-02
1.800900166120872684e-02
1.800900166120872684e-02
1.800900166120872684e-02
1.800900166120872684e-02
1.800900166120872684e-02
1.800900166120872684e-02
1.213982373690386009e-02
1.462368846276550227e-02
1.462368846276550227e-02
1.462368846276550227e-02
1.462368846276550227e-02
1.462368846276550227e-02
1.462368846276550227e-02
1.462368846276550227e-02
1.462368846276550227e-02
1.462368846276550227e-02
1.462368846276550227e-02
1.462368846276550227e-02
1.462368846276550227e-02
1.462368846276550227e-02
1.462368846276550227e-02
4.681743599417976555e-03
4.681743599417976555e-03
4.681743599417976555e-03
4.681743599417976555e-03
1.980615331544623506e-02
1.980615331544623506e-02
1.980615331544623506e-02
1.980615331544623506e-02
1.980615331544623506e-02
1.980615331544623506e-02
1.980615331544623506e-02
1.980615331544623506e-02
1.980615331544623506e-02
1.980615331544623506e-02
1.980615331544623506e-02
4.762438885768054521e-04
3.708741164312732031e-03
3.708741164312732031e-03
3.708741164312732031e-03
3.708741164312732031e-03
1.105014799049525674e-02
7.253233632942159177e-03
7.253233632942159177e-03
4.746788387361362653e-03
1.363153856115673253e-02
4.746788387361362653e-03
4.746788387361362653e-03
4.746788387361362653e-03
4.746788387361362653e-03
4.746788387361362653e-03
1.363153856115673253e-02
1.363153856115673253e-02
1.363153856115673253e-02
0.000000000000000000e+00
0.000000000000000000e+00
0.000000000000000000e+00
0.000000000000000000e+00
0.000000000000000000e+00
0.000000000000000000e+00
0.000000000000000000e+00
0.000000000000000000e+00
0.000000000000000000e+00
0.000000000000000000e+00
0.000000000000000000e+00
0.000000000000000000e+00
0.000000000000000000e+00
0.000000000000000000e+00
0.000000000000000000e+00
0.000000000000000000e+00
0.000000000000000000e+00
0.000000000000000000e+00
0.000000000000000000e+00
0.000000000000000000e+00
0.000000000000000000e+00
0.000000000000000000e+00
1.451813317536169295e-02
1.735029039191955636e-04
1.735029039191955636e-04
1.668342919425658266e-02
2.560784706320710924e-02
2.560784706320710924e-02
2.560784706320710924e-02
2.560784706320710924e-02
2.560784706320710924e-02
2.560784706320710924e-02
9.756426642328888330e-03
7.277477295833990629e-04
7.277477295833990629e-04
4.158641419766991379e-03
2.634924250473347565e-02
2.634924250473347565e-02
0.000000000000000000e+00
0.000000000000000000e+00
0.000000000000000000e+00
0.000000000000000000e+00
0.000000000000000000e+00
0.000000000000000000e+00
0.000000000000000000e+00
0.000000000000000000e+00
0.000000000000000000e+00
0.000000000000000000e+00
0.000000000000000000e+00
0.000000000000000000e+00
0.000000000000000000e+00
0.000000000000000000e+00
3.602230289490506755e-03
3.602230289490506755e-03
3.602230289490506755e-03
3.602230289490506755e-03
3.602230289490506755e-03
3.602230289490506755e-03
3.602230289490506755e-03
3.602230289490506755e-03
3.602230289490506755e-03
3.602230289490506755e-03
3.602230289490506755e-03
3.602230289490506755e-03
3.602230289490506755e-03
3.602230289490506755e-03
3.602230289490506755e-03
3.602230289490506755e-03
3.602230289490506755e-03
3.602230289490506755e-03
0.000000000000000000e+00
1.384521383113197779e-02
1.384521383113197779e-02
2.273118954723661600e-02
1.831078677137279800e-02
1.831078677137279800e-02
1.831078677137279800e-02
1.831078677137279800e-02
1.831078677137279800e-02
1.831078677137279800e-02
1.831078677137279800e-02
1.831078677137279800e-02
0.000000000000000000e+00
3.317502645244617670e-03
3.317502645244617670e-03
3.317502645244617670e-03
0.000000000000000000e+00
2.274376530027090188e-03
2.274376530027090188e-03
2.274376530027090188e-03
2.274376530027090188e-03
1.021837062841603888e-02
1.021837062841603888e-02
1.021837062841603888e-02
1.021837062841603888e-02
1.021837062841603888e-02
1.021837062841603888e-02
1.021837062841603888e-02
1.021837062841603888e-02
1.021837062841603888e-02
1.021837062841603888e-02
1.021837062841603888e-02
1.021837062841603888e-02
1.021837062841603888e-02
1.021837062841603888e-02
1.021837062841603888e-02
1.192636906423959371e-02
1.192636906423959371e-02
1.192636906423959371e-02
1.192636906423959371e-02
1.192636906423959371e-02
1.192636906423959371e-02
1.192636906423959371e-02
1.192636906423959371e-02
1.192636906423959371e-02
1.192636906423959371e-02
1.192636906423959371e-02
1.192636906423959371e-02
1.192636906423959371e-02
1.192636906423959371e-02
1.192636906423959371e-02
1.192636906423959371e-02
1.192636906423959371e-02
8.686377978504336919e-03
0.000000000000000000e+00
0.000000000000000000e+00
3.009532210221523355e-02
1.668342919425658266e-02
1.668342919425658266e-02
1.668342919425658266e-02
1.668342919425658266e-02
1.668342919425658266e-02
1.418226527384626456e-02
2.543494663246009813e-02
2.543494663246009813e-02
2.543494663246009813e-02
2.543494663246009813e-02
6.200807151294641939e-02
6.200807151294641939e-02
6.200807151294641939e-02
6.200807151294641939e-02
6.200807151294641939e-02
6.200807151294641939e-02
6.200807151294641939e-02
6.200807151294641939e-02
6.200807151294641939e-02
6.200807151294641939e-02
6.200807151294641939e-02
6.200807151294641939e-02
6.200807151294641939e-02
6.200807151294641939e-02
0.000000000000000000e+00
0.000000000000000000e+00
0.000000000000000000e+00
8.801080026728391389e-03
8.801080026728391389e-03
8.801080026728391389e-03
8.801080026728391389e-03
8.801080026728391389e-03
8.801080026728391389e-03
8.801080026728391389e-03
8.801080026728391389e-03
8.801080026728391389e-03
8.801080026728391389e-03
8.801080026728391389e-03
8.801080026728391389e-03
8.801080026728391389e-03
1.616892302708433302e-02
1.616892302708433302e-02
1.616892302708433302e-02
1.616892302708433302e-02
1.616892302708433302e-02
1.616892302708433302e-02
1.616892302708433302e-02
1.616892302708433302e-02
1.616892302708433302e-02
1.616892302708433302e-02
1.616892302708433302e-02
1.616892302708433302e-02
1.616892302708433302e-02
3.335145766620111981e-04
4.922585804870388375e-03
4.922585804870388375e-03
4.922585804870388375e-03
4.922585804870388375e-03
1.455228205038799731e-02
1.455228205038799731e-02
1.455228205038799731e-02
1.455228205038799731e-02
1.455228205038799731e-02
1.455228205038799731e-02
1.455228205038799731e-02
1.455228205038799731e-02
1.455228205038799731e-02
1.455228205038799731e-02
1.455228205038799731e-02
1.455228205038799731e-02
1.455228205038799731e-02
1.455228205038799731e-02
1.455228205038799731e-02
1.455228205038799731e-02
1.455228205038799731e-02
1.765332451721039059e-02
1.765332451721039059e-02
1.765332451721039059e-02
1.765332451721039059e-02
1.765332451721039059e-02
1.765332451721039059e-02
1.765332451721039059e-02
1.765332451721039059e-02
1.765332451721039059e-02
1.765332451721039059e-02
1.765332451721039059e-02
1.910153735673779732e-02
9.187423881333253023e-03
9.187423881333253023e-03
9.187423881333253023e-03
9.187423881333253023e-03
1.451813317536169295e-02
7.329762907326412003e-03
1.555169798761882848e-02
1.475998842019125498e-03
1.475998842019125498e-03
1.475998842019125498e-03
1.475998842019125498e-03
1.475998842019125498e-03
1.555169798761882848e-02
1.555169798761882848e-02
2.280088970469077575e-02
0.000000000000000000e+00
0.000000000000000000e+00
0.000000000000000000e+00
0.000000000000000000e+00
1.590220995664556186e-02
0.000000000000000000e+00
0.000000000000000000e+00
0.000000000000000000e+00
0.000000000000000000e+00
0.000000000000000000e+00
0.000000000000000000e+00
1.678017219654332273e-02
2.162698327104295090e-02
2.162698327104295090e-02
2.162698327104295090e-02
2.162698327104295090e-02
2.162698327104295090e-02
2.162698327104295090e-02
2.162698327104295090e-02
2.162698327104295090e-02
3.620872426858831594e-02
3.383472822320340856e-02
3.383472822320340856e-02
2.867874442220581105e-02
8.746783550115384831e-03
8.746783550115384831e-03
1.291173152916026256e-03
2.146415126574477070e-02
2.146415126574477070e-02
4.874727765872948100e-03
4.874727765872948100e-03
4.874727765872948100e-03
4.965460256617335554e-03
4.874727765872948100e-03
4.874727765872948100e-03
4.874727765872948100e-03
4.874727765872948100e-03
4.874727765872948100e-03
0.000000000000000000e+00
1.359973077616013874e-02
0.000000000000000000e+00
0.000000000000000000e+00
0.000000000000000000e+00
1.359973077616013874e-02
1.359973077616013874e-02
2.280088970469077575e-02
2.280088970469077575e-02
2.280088970469077575e-02
2.280088970469077575e-02
2.280088970469077575e-02
2.280088970469077575e-02
2.280088970469077575e-02
2.280088970469077575e-02
1.924875972761856679e-02
1.924875972761856679e-02
1.924875972761856679e-02
1.924875972761856679e-02
1.924875972761856679e-02
2.798401765566485913e-03
1.924875972761856679e-02
1.924875972761856679e-02
1.924875972761856679e-02
6.604931558530145394e-03
6.604931558530145394e-03
6.604931558530145394e-03
6.604931558530145394e-03
6.604931558530145394e-03
6.604931558530145394e-03
6.604931558530145394e-03
6.604931558530145394e-03
6.604931558530145394e-03
6.604931558530145394e-03
6.604931558530145394e-03
0.000000000000000000e+00
0.000000000000000000e+00
0.000000000000000000e+00
8.411442169577513367e-03
8.411442169577513367e-03
8.411442169577513367e-03
8.411442169577513367e-03
8.411442169577513367e-03
8.411442169577513367e-03
8.411442169577513367e-03
8.411442169577513367e-03
8.411442169577513367e-03
8.411442169577513367e-03
8.411442169577513367e-03
9.597956213837370489e-04
9.597956213837370489e-04
9.597956213837370489e-04
9.597956213837370489e-04
9.597956213837370489e-04
9.597956213837370489e-04
1.287826559228004777e-02
1.287826559228004777e-02
1.287826559228004777e-02
1.287826559228004777e-02
1.287826559228004777e-02
1.287826559228004777e-02
1.287826559228004777e-02
1.287826559228004777e-02
1.287826559228004777e-02
1.287826559228004777e-02
1.287826559228004777e-02
4.336510889090960941e-02
4.336510889090960941e-02
4.336510889090960941e-02
4.336510889090960941e-02
4.336510889090960941e-02
4.336510889090960941e-02
4.336510889090960941e-02
4.336510889090960941e-02
4.336510889090960941e-02
4.336510889090960941e-02
4.336510889090960941e-02
4.293835363015550098e-03
2.445831340711768914e-02
2.445831340711768914e-02
2.445831340711768914e-02
2.445831340711768914e-02
0.000000000000000000e+00
0.000000000000000000e+00
0.000000000000000000e+00
0.000000000000000000e+00
0.000000000000000000e+00
0.000000000000000000e+00
0.000000000000000000e+00
4.158641419766991379e-03
4.158641419766991379e-03
4.158641419766991379e-03
4.158641419766991379e-03
4.158641419766991379e-03
4.158641419766991379e-03
4.158641419766991379e-03
4.158641419766991379e-03
0.000000000000000000e+00
0.000000000000000000e+00
0.000000000000000000e+00
0.000000000000000000e+00
3.549414877153510978e-02
3.351850046811679501e-02
3.030524215737333965e-02
3.549414877153510978e-02
3.030524215737333965e-02
3.030524215737333965e-02
3.030524215737333965e-02
3.030524215737333965e-02
3.030524215737333965e-02
3.351850046811679501e-02
3.351850046811679501e-02
3.351850046811679501e-02
3.351850046811679501e-02
3.351850046811679501e-02
3.351850046811679501e-02
3.351850046811679501e-02
3.351850046811679501e-02
3.351850046811679501e-02
5.450778317394779603e-03
5.450778317394779603e-03
5.450778317394779603e-03
5.450778317394779603e-03
5.450778317394779603e-03
5.450778317394779603e-03
5.450778317394779603e-03
5.450778317394779603e-03
5.450778317394779603e-03
5.450778317394779603e-03
2.591087602706044005e-02
2.591087602706044005e-02
2.591087602706044005e-02
2.591087602706044005e-02
2.591087602706044005e-02
2.591087602706044005e-02
1.513263032947616792e-02
1.020599134749117579e-02
1.020599134749117579e-02
1.020599134749117579e-02
1.020599134749117579e-02
1.020599134749117579e-02
1.020599134749117579e-02
1.179660465405979186e-01
1.179660465405979186e-01
1.179660465405979186e-01
1.179660465405979186e-01
1.523195207243195235e-03
1.523195207243195235e-03
1.523195207243195235e-03
1.576144250693874843e-02
1.523195207243195235e-03
1.014336534651902495e-02
1.014336534651902495e-02
1.014336534651902495e-02
2.230466080666715714e-02
3.040366856677443816e-02
3.040366856677443816e-02
1.513263032947616792e-02
1.513263032947616792e-02
1.513263032947616792e-02
1.513263032947616792e-02
4.097726172117478576e-03
6.459793624624090430e-03
6.459793624624090430e-03
6.459793624624090430e-03
6.459793624624090430e-03
6.497438549203682009e-03
3.853584645087857982e-04
3.853584645087857982e-04
1.272237158554742967e-02
1.272237158554742967e-02
1.272237158554742967e-02
1.272237158554742967e-02
1.272237158554742967e-02
1.272237158554742967e-02
1.272237158554742967e-02
1.272237158554742967e-02
1.272237158554742967e-02
1.272237158554742967e-02
1.272237158554742967e-02
1.272237158554742967e-02
1.272237158554742967e-02
0.000000000000000000e+00
0.000000000000000000e+00
3.009532210221523355e-02
3.009532210221523355e-02
3.009532210221523355e-02
3.009532210221523355e-02
2.154079083809886698e-03
6.497438549203682009e-03
6.497438549203682009e-03
6.497438549203682009e-03
6.497438549203682009e-03
6.497438549203682009e-03
6.497438549203682009e-03
6.497438549203682009e-03
2.623714210376077750e-03
6.578462260140555996e-03
2.623714210376077750e-03
6.578462260140555996e-03
5.800532063084212937e-03
6.418619494415930479e-03
9.742047947731379692e-03
9.742047947731379692e-03
9.742047947731379692e-03
9.742047947731379692e-03
9.742047947731379692e-03
9.742047947731379692e-03
9.742047947731379692e-03
9.742047947731379692e-03
2.798401765566485913e-03
1.576144250693874843e-02
1.576144250693874843e-02
1.576144250693874843e-02
1.576144250693874843e-02
1.576144250693874843e-02
2.562508180788935705e-02
3.705375927545411646e-02
3.705375927545411646e-02
1.213982373690386009e-02
1.167879207514009934e-02
1.669927214263251108e-02
1.669927214263251108e-02
1.669927214263251108e-02
1.669927214263251108e-02
7.574819574796903647e-03
4.980380608466962976e-03
4.980380608466962976e-03
4.980380608466962976e-03
4.980380608466962976e-03
1.280392663594177426e-03
1.280392663594177426e-03
1.059041966831747797e-02
1.059041966831747797e-02
1.059041966831747797e-02
1.059041966831747797e-02
2.271057910654934037e-02
2.271057910654934037e-02
2.271057910654934037e-02
2.271057910654934037e-02
2.974389245309453159e-02
1.622599122635317789e-02
1.622599122635317789e-02
1.622599122635317789e-02
1.622599122635317789e-02
1.651713072566321841e-02
3.247606814973210548e-02
3.247606814973210548e-02
2.230466080666715714e-02
2.136370731118251640e-02
2.136370731118251640e-02
0.000000000000000000e+00
8.076285086814027209e-03
0.000000000000000000e+00
0.000000000000000000e+00
0.000000000000000000e+00
0.000000000000000000e+00
0.000000000000000000e+00
0.000000000000000000e+00
0.000000000000000000e+00
0.000000000000000000e+00
0.000000000000000000e+00
0.000000000000000000e+00
0.000000000000000000e+00
0.000000000000000000e+00
0.000000000000000000e+00
0.000000000000000000e+00
0.000000000000000000e+00
0.000000000000000000e+00
0.000000000000000000e+00
9.756426642328888330e-03
2.154079083809886698e-03
2.154079083809886698e-03
6.418619494415930479e-03
6.418619494415930479e-03
2.050007311208730185e-02
1.352580012906102157e-02
1.352580012906102157e-02
1.352580012906102157e-02
1.352580012906102157e-02
1.352580012906102157e-02
1.352580012906102157e-02
1.352580012906102157e-02
1.352580012906102157e-02
1.352580012906102157e-02
1.352580012906102157e-02
5.045783988998939033e-03
1.201279076814252590e-02
1.201279076814252590e-02
1.201279076814252590e-02
1.201279076814252590e-02
1.201279076814252590e-02
1.201279076814252590e-02
1.201279076814252590e-02
1.201279076814252590e-02
1.201279076814252590e-02
1.201279076814252590e-02
1.201279076814252590e-02
1.201279076814252590e-02
1.418024977287213849e-02
1.651713072566321841e-02
1.651713072566321841e-02
1.651713072566321841e-02
5.065289405201413818e-03
2.506394769657427010e-02
5.065289405201413818e-03
5.045783988998939033e-03
5.045783988998939033e-03
5.045783988998939033e-03
5.045783988998939033e-03
5.045783988998939033e-03
5.045783988998939033e-03
5.045783988998939033e-03
5.045783988998939033e-03
8.686377978504336919e-03
8.686377978504336919e-03
8.686377978504336919e-03
2.770024440979673621e-03
7.128723127930317385e-03
1.418226527384626456e-02
1.418226527384626456e-02
1.418226527384626456e-02
1.418226527384626456e-02
1.418226527384626456e-02
1.418226527384626456e-02
1.418226527384626456e-02
1.418226527384626456e-02
1.418226527384626456e-02
1.418226527384626456e-02
1.418226527384626456e-02
4.787546182019699931e-04
3.184243455175110506e-03
3.184243455175110506e-03
5.078215415217275999e-03
5.078215415217275999e-03
5.078215415217275999e-03
5.078215415217275999e-03
5.078215415217275999e-03
1.321391446761622547e-02
1.165789335179656487e-02
1.165789335179656487e-02
1.165789335179656487e-02
1.165789335179656487e-02
1.165789335179656487e-02
1.165789335179656487e-02
1.165789335179656487e-02
1.165789335179656487e-02
1.165789335179656487e-02
1.165789335179656487e-02
1.165789335179656487e-02
1.165789335179656487e-02
6.175184393464439210e-03
2.700733169018241717e-02
2.700733169018241717e-02
5.592154178791346533e-03
5.592154178791346533e-03
5.592154178791346533e-03
5.592154178791346533e-03
5.592154178791346533e-03
5.592154178791346533e-03
5.592154178791346533e-03
5.592154178791346533e-03
5.592154178791346533e-03
5.592154178791346533e-03
5.592154178791346533e-03
5.592154178791346533e-03
5.592154178791346533e-03
2.134697663388238076e-02
9.098299173093188016e-03
9.098299173093188016e-03
1.169837850152109782e-02
1.678017219654332273e-02
1.837589677852462028e-03
1.573314908560569103e-02
1.573314908560569103e-02
1.573314908560569103e-02
1.573314908560569103e-02
1.573314908560569103e-02
1.573314908560569103e-02
1.573314908560569103e-02
1.573314908560569103e-02
1.573314908560569103e-02
1.573314908560569103e-02
1.573314908560569103e-02
1.573314908560569103e-02
1.573314908560569103e-02
1.573314908560569103e-02
8.164530198781456277e-03
8.164530198781456277e-03
8.164530198781456277e-03
2.011120227281430056e-02
2.011120227281430056e-02
2.011120227281430056e-02
2.011120227281430056e-02
2.011120227281430056e-02
2.011120227281430056e-02
2.011120227281430056e-02
2.011120227281430056e-02
2.011120227281430056e-02
2.011120227281430056e-02
2.011120227281430056e-02
1.152195188637821291e-02
1.048912239573965288e-02
1.048912239573965288e-02
1.048912239573965288e-02
1.048912239573965288e-02
1.048912239573965288e-02
1.048912239573965288e-02
1.048912239573965288e-02
1.048912239573965288e-02
1.048912239573965288e-02
1.048912239573965288e-02
1.048912239573965288e-02
1.048912239573965288e-02
1.048912239573965288e-02
1.048912239573965288e-02
2.134697663388238076e-02
0.000000000000000000e+00
1.434511849155820952e-02
1.434511849155820952e-02
2.320720747487820326e-02
2.974389245309453159e-02
1.227231165845981201e-02
8.468662842765021029e-03
8.468662842765021029e-03
8.468662842765021029e-03
8.468662842765021029e-03
8.468662842765021029e-03
8.468662842765021029e-03
8.468662842765021029e-03
8.468662842765021029e-03
4.917152725396290933e-03
4.917152725396290933e-03
4.917152725396290933e-03
7.357133675822715574e-03
4.917152725396290933e-03
4.917152725396290933e-03
4.917152725396290933e-03
4.917152725396290933e-03
4.917152725396290933e-03
7.128723127930317385e-03
7.128723127930317385e-03
3.549414877153510978e-02
3.549414877153510978e-02
3.549414877153510978e-02
3.549414877153510978e-02
7.304362011117092497e-03
7.314287655245863690e-03
7.314287655245863690e-03
7.314287655245863690e-03
7.314287655245863690e-03
7.314287655245863690e-03
7.314287655245863690e-03
7.314287655245863690e-03
7.314287655245863690e-03
5.800532063084212937e-03
1.937658197009437672e-02
2.513491144051902340e-02
2.513491144051902340e-02
2.230466080666715714e-02
2.230466080666715714e-02
2.230466080666715714e-02
2.230466080666715714e-02
2.230466080666715714e-02
2.230466080666715714e-02
2.230466080666715714e-02
3.086118120790173544e-02
3.086118120790173544e-02
4.097726172117478576e-03
4.169202192053632870e-03
4.169202192053632870e-03
2.179400478193320792e-02
1.391064662923784979e-02
1.391064662923784979e-02
1.391064662923784979e-02
1.391064662923784979e-02
1.391064662923784979e-02
1.391064662923784979e-02
2.050007311208730185e-02
2.050007311208730185e-02
2.050007311208730185e-02
2.050007311208730185e-02
6.662879593593083564e-03
1.418024977287213849e-02
1.418024977287213849e-02
1.418024977287213849e-02
4.330642005091168804e-03
4.330642005091168804e-03
1.105014799049525674e-02
1.105014799049525674e-02
1.105014799049525674e-02
1.105014799049525674e-02
1.105014799049525674e-02
1.105014799049525674e-02
1.105014799049525674e-02
1.105014799049525674e-02
4.097726172117478576e-03
4.097726172117478576e-03
4.097726172117478576e-03
4.965460256617335554e-03
6.662879593593083564e-03
6.662879593593083564e-03
7.329762907326412003e-03
7.329762907326412003e-03
3.495631255237464322e-03
3.495631255237464322e-03
3.495631255237464322e-03
3.495631255237464322e-03
3.495631255237464322e-03
3.495631255237464322e-03
3.495631255237464322e-03
3.495631255237464322e-03
3.495631255237464322e-03
3.495631255237464322e-03
3.495631255237464322e-03
3.495631255237464322e-03
3.495631255237464322e-03
1.747210098638962705e-02
1.747210098638962705e-02
1.747210098638962705e-02
1.747210098638962705e-02
1.747210098638962705e-02
1.747210098638962705e-02
2.898894728612784639e-03
2.898894728612784639e-03
2.898894728612784639e-03
2.898894728612784639e-03
2.898894728612784639e-03
2.898894728612784639e-03
2.898894728612784639e-03
2.898894728612784639e-03
2.898894728612784639e-03
2.898894728612784639e-03
2.898894728612784639e-03
9.284789368361445402e-03
2.047969545871302765e-03
2.047969545871302765e-03
2.047969545871302765e-03
2.047969545871302765e-03
0.000000000000000000e+00
2.047969545871302765e-03
1.450059860767082681e-02
7.079373107461876119e-03
7.079373107461876119e-03
1.152195188637821291e-02
9.158529094228075318e-03
9.158529094228075318e-03
9.158529094228075318e-03
9.158529094228075318e-03
9.158529094228075318e-03
9.158529094228075318e-03
9.158529094228075318e-03
9.158529094228075318e-03
9.158529094228075318e-03
9.158529094228075318e-03
9.158529094228075318e-03
9.158529094228075318e-03
1.450059860767082681e-02
1.220558615691517794e-02
1.220558615691517794e-02
1.220558615691517794e-02
9.613078526544440588e-03
7.357133675822715574e-03
6.733693039847696120e-03
3.305553859521775245e-02
3.305553859521775245e-02
3.305553859521775245e-02
3.305553859521775245e-02
3.305553859521775245e-02
3.305553859521775245e-02
3.335145766620111981e-04
3.086890941493175642e-03
3.086890941493175642e-03
3.086890941493175642e-03
3.086890941493175642e-03
9.613078526544440588e-03
9.613078526544440588e-03
9.613078526544440588e-03
9.613078526544440588e-03
5.028653744230950420e-03
0.000000000000000000e+00
0.000000000000000000e+00
0.000000000000000000e+00
0.000000000000000000e+00
3.335145766620111981e-04
4.857838754514377799e-03
4.857838754514377799e-03
4.857838754514377799e-03
4.857838754514377799e-03
4.857838754514377799e-03
4.857838754514377799e-03
4.857838754514377799e-03
4.857838754514377799e-03
4.857838754514377799e-03
4.857838754514377799e-03
4.857838754514377799e-03
4.857838754514377799e-03
4.857838754514377799e-03
0.000000000000000000e+00
1.085073041999215504e-02
1.085073041999215504e-02
1.085073041999215504e-02
1.085073041999215504e-02
1.085073041999215504e-02
1.085073041999215504e-02
4.147733625009458920e-03
4.147733625009458920e-03
4.147733625009458920e-03
4.147733625009458920e-03
4.147733625009458920e-03
4.147733625009458920e-03
4.147733625009458920e-03
4.147733625009458920e-03
4.147733625009458920e-03
4.147733625009458920e-03
4.147733625009458920e-03
9.287511552579492610e-03
9.287511552579492610e-03
3.995647126102410372e-03
1.940199165856018593e-02
1.940199165856018593e-02
1.380996123732663311e-02
1.845027676624820187e-02
8.076285086814027209e-03
8.076285086814027209e-03
8.076285086814027209e-03
8.076285086814027209e-03
0.000000000000000000e+00
0.000000000000000000e+00
0.000000000000000000e+00
0.000000000000000000e+00
0.000000000000000000e+00
0.000000000000000000e+00
0.000000000000000000e+00
0.000000000000000000e+00
3.995647126102410372e-03
2.295890972283784384e-03
1.040205730416635631e-02
1.040205730416635631e-02
1.040205730416635631e-02
1.040205730416635631e-02
1.040205730416635631e-02
1.040205730416635631e-02
1.040205730416635631e-02
1.040205730416635631e-02
1.040205730416635631e-02
1.040205730416635631e-02
1.040205730416635631e-02
6.584564477959468226e-03
6.584564477959468226e-03
1.167879207514009934e-02
8.803564952513578262e-03
8.803564952513578262e-03
8.803564952513578262e-03
8.803564952513578262e-03
2.869850464859849057e-02
2.869850464859849057e-02
2.869850464859849057e-02
2.869850464859849057e-02
2.869850464859849057e-02
2.869850464859849057e-02
2.869850464859849057e-02
2.869850464859849057e-02
2.869850464859849057e-02
2.869850464859849057e-02
2.869850464859849057e-02
1.227231165845981201e-02
1.227231165845981201e-02
0.000000000000000000e+00
0.000000000000000000e+00
0.000000000000000000e+00
0.000000000000000000e+00
0.000000000000000000e+00
0.000000000000000000e+00
0.000000000000000000e+00
0.000000000000000000e+00
0.000000000000000000e+00
0.000000000000000000e+00
0.000000000000000000e+00
2.673388645164740882e-02
2.562508180788935705e-02
2.562508180788935705e-02
2.562508180788935705e-02
2.562508180788935705e-02
2.562508180788935705e-02
7.211775627980880968e-03
9.414355063383870320e-03
9.414355063383870320e-03
1.088309333483026067e-02
1.291173152916026256e-03
1.097916227488921793e-02
1.837589677852462028e-03
0.000000000000000000e+00
0.000000000000000000e+00
0.000000000000000000e+00
0.000000000000000000e+00
1.470110224507696281e-02
1.470110224507696281e-02
1.470110224507696281e-02
1.470110224507696281e-02
1.470110224507696281e-02
1.470110224507696281e-02
1.470110224507696281e-02
1.470110224507696281e-02
1.470110224507696281e-02
1.470110224507696281e-02
1.470110224507696281e-02
1.470110224507696281e-02
1.470110224507696281e-02
1.780295282464183088e-02
5.180347708794614224e-03
5.180347708794614224e-03
7.524639341997175004e-03
5.180347708794614224e-03
1.097916227488921793e-02
1.097916227488921793e-02
1.097916227488921793e-02
1.097916227488921793e-02
1.097916227488921793e-02
1.097916227488921793e-02
1.097916227488921793e-02
1.097916227488921793e-02
1.858334756261376813e-02
2.113837930296328868e-02
2.113837930296328868e-02
4.787546182019699931e-04
4.787546182019699931e-04
4.787546182019699931e-04
4.787546182019699931e-04
4.787546182019699931e-04
4.787546182019699931e-04
4.787546182019699931e-04
4.787546182019699931e-04
4.787546182019699931e-04
4.787546182019699931e-04
4.787546182019699931e-04
4.787546182019699931e-04
0.000000000000000000e+00
0.000000000000000000e+00
0.000000000000000000e+00
0.000000000000000000e+00
0.000000000000000000e+00
0.000000000000000000e+00
0.000000000000000000e+00
0.000000000000000000e+00
0.000000000000000000e+00
0.000000000000000000e+00
0.000000000000000000e+00
0.000000000000000000e+00
0.000000000000000000e+00
0.000000000000000000e+00
0.000000000000000000e+00
0.000000000000000000e+00
0.000000000000000000e+00
0.000000000000000000e+00
1.167879207514009934e-02
1.590220995664556186e-02
1.590220995664556186e-02
1.590220995664556186e-02
1.590220995664556186e-02
1.590220995664556186e-02
1.590220995664556186e-02
1.590220995664556186e-02
1.590220995664556186e-02
1.590220995664556186e-02
1.590220995664556186e-02
1.590220995664556186e-02
1.590220995664556186e-02
1.590220995664556186e-02
1.590220995664556186e-02
1.590220995664556186e-02
1.590220995664556186e-02
1.477868395993588331e-02
1.477868395993588331e-02
1.477868395993588331e-02
1.477868395993588331e-02
1.477868395993588331e-02
1.477868395993588331e-02
1.477868395993588331e-02
1.477868395993588331e-02
1.477868395993588331e-02
1.477868395993588331e-02
1.477868395993588331e-02
1.477868395993588331e-02
1.477868395993588331e-02
2.698248288221223243e-02
3.705073869855338847e-02
3.705073869855338847e-02
3.705073869855338847e-02
3.705073869855338847e-02
3.705073869855338847e-02
1.800438507272506677e-02
1.800438507272506677e-02
1.321391446761622547e-02
1.321391446761622547e-02
1.450059860767082681e-02
1.450059860767082681e-02
1.450059860767082681e-02
0.000000000000000000e+00
0.000000000000000000e+00
1.088309333483026067e-02
1.380996123732663311e-02
1.380996123732663311e-02
3.433431918251316634e-02
1.228037337300332595e-03
2.605572131157858282e-02
1.228037337300332595e-03
2.282255362897412862e-02
1.858334756261376813e-02
1.858334756261376813e-02
1.858334756261376813e-02
1.858334756261376813e-02
1.858334756261376813e-02
0.000000000000000000e+00
0.000000000000000000e+00
0.000000000000000000e+00
0.000000000000000000e+00
0.000000000000000000e+00
0.000000000000000000e+00
0.000000000000000000e+00
7.211775627980880968e-03
7.211775627980880968e-03
7.211775627980880968e-03
7.211775627980880968e-03
7.211775627980880968e-03
7.211775627980880968e-03
7.211775627980880968e-03
7.211775627980880968e-03
1.066426890455369515e-02
1.169837850152109782e-02
1.169837850152109782e-02
7.574819574796903647e-03
7.574819574796903647e-03
7.574819574796903647e-03
7.574819574796903647e-03
7.574819574796903647e-03
7.574819574796903647e-03
2.770024440979673621e-03
3.923267276283553574e-03
3.620872426858831594e-02
3.514672122054646707e-03
3.923267276283553574e-03
5.011355498761402294e-03
3.514672122054646707e-03
3.514672122054646707e-03
3.514672122054646707e-03
3.514672122054646707e-03
0.000000000000000000e+00
0.000000000000000000e+00
0.000000000000000000e+00
0.000000000000000000e+00
0.000000000000000000e+00
0.000000000000000000e+00
0.000000000000000000e+00
3.428939329506548554e-03
3.428939329506548554e-03
3.428939329506548554e-03
3.428939329506548554e-03
1.193161233694999407e-01
1.741162488267001540e-01
1.193161233694999407e-01
1.193161233694999407e-01
1.193161233694999407e-01
0.000000000000000000e+00
1.193161233694999407e-01
0.000000000000000000e+00
1.193161233694999407e-01
1.193161233694999407e-01
1.193161233694999407e-01
1.193161233694999407e-01
1.193161233694999407e-01
1.741162488267001540e-01
1.741162488267001540e-01
1.741162488267001540e-01
0.000000000000000000e+00
0.000000000000000000e+00
0.000000000000000000e+00
0.000000000000000000e+00
2.282255362897412862e-02
2.282255362897412862e-02
2.282255362897412862e-02
2.282255362897412862e-02
2.867874442220581105e-02
6.175184393464439210e-03
6.175184393464439210e-03
6.175184393464439210e-03
6.175184393464439210e-03
6.175184393464439210e-03
6.175184393464439210e-03
6.175184393464439210e-03
6.175184393464439210e-03
6.175184393464439210e-03
5.495246323186466809e-03
5.495246323186466809e-03
1.790584614036545494e-02
2.320720747487820326e-02
1.790584614036545494e-02
1.910153735673779732e-02
1.910153735673779732e-02
1.910153735673779732e-02
0.000000000000000000e+00
0.000000000000000000e+00
0.000000000000000000e+00
0.000000000000000000e+00
0.000000000000000000e+00
0.000000000000000000e+00
0.000000000000000000e+00
0.000000000000000000e+00
1.424409464285091020e-02
1.424409464285091020e-02
1.424409464285091020e-02
1.424409464285091020e-02
1.424409464285091020e-02
1.424409464285091020e-02
1.424409464285091020e-02
1.424409464285091020e-02
1.424409464285091020e-02
1.424409464285091020e-02
1.424409464285091020e-02
7.524639341997175004e-03
0.000000000000000000e+00
0.000000000000000000e+00
4.770044134133067694e-03
0.000000000000000000e+00
4.770044134133067694e-03
4.770044134133067694e-03
4.770044134133067694e-03
0.000000000000000000e+00
5.332567046289264645e-02
0.000000000000000000e+00
0.000000000000000000e+00
1.780295282464183088e-02
1.780295282464183088e-02
1.780295282464183088e-02
1.780295282464183088e-02
5.332567046289264645e-02
5.332567046289264645e-02
5.332567046289264645e-02
5.332567046289264645e-02
1.205224222258831043e-04
0.000000000000000000e+00
0.000000000000000000e+00
1.837515569616227085e-03
1.837515569616227085e-03
4.293835363015550098e-03
1.205224222258831043e-04
5.028653744230950420e-03
1.069941056773856571e-02
1.069941056773856571e-02
1.069941056773856571e-02
1.069941056773856571e-02
1.729192860351465647e-02
2.179400478193320792e-02
4.293835363015550098e-03
0.000000000000000000e+00
2.273118954723661600e-02
2.273118954723661600e-02
2.698248288221223243e-02
2.698248288221223243e-02
2.698248288221223243e-02
2.698248288221223243e-02
2.698248288221223243e-02
2.698248288221223243e-02
2.698248288221223243e-02
2.698248288221223243e-02
2.698248288221223243e-02
2.698248288221223243e-02
5.028653744230950420e-03
3.995062933199973465e-02
3.995062933199973465e-02
2.673388645164740882e-02
2.673388645164740882e-02
0.000000000000000000e+00
0.000000000000000000e+00
2.121520948134138565e-02
2.121520948134138565e-02
2.121520948134138565e-02
2.121520948134138565e-02
6.733693039847696120e-03
6.733693039847696120e-03
6.733693039847696120e-03
6.733693039847696120e-03
1.937658197009437672e-02
7.304362011117092497e-03
7.304362011117092497e-03
7.304362011117092497e-03
7.304362011117092497e-03
7.304362011117092497e-03
7.304362011117092497e-03
9.284789368361445402e-03
9.284789368361445402e-03
9.284789368361445402e-03
9.284789368361445402e-03
2.605572131157858282e-02
2.605572131157858282e-02
9.158209799278019259e-03
9.158209799278019259e-03
0.000000000000000000e+00
0.000000000000000000e+00
4.762438885768054521e-04
1.729192860351465647e-02
1.729192860351465647e-02
1.729192860351465647e-02
1.729192860351465647e-02
