1.141010769571329866e-02
1.483377672778333871e-02
1.483377672778333871e-02
1.483377672778333871e-02
1.483377672778333871e-02
1.483377672778333871e-02
1.483377672778333871e-02
1.483377672778333871e-02
1.483377672778333871e-02
3.316746863255502081e-02
3.316746863255502081e-02
3.316746863255502081e-02
3.316746863255502081e-02
3.316746863255502081e-02
3.316746863255502081e-02
3.316746863255502081e-02
3.316746863255502081e-02
3.316746863255502081e-02
3.316746863255502081e-02
3.316746863255502081e-02
1.237560430076043751e-02
1.237560430076043751e-02
1.237560430076043751e-02
1.237560430076043751e-02
1.237560430076043751e-02
1.237560430076043751e-02
1.237560430076043751e-02
1.237560430076043751e-02
1.237560430076043751e-02
1.237560430076043751e-02
1.237560430076043751e-02
1.141010769571329866e-02
1.141010769571329866e-02
1.220965653240536040e-02
6.981339135557737378e-03
6.981339135557737378e-03
6.981339135557737378e-03
6.981339135557737378e-03
6.981339135557737378e-03
6.981339135557737378e-03
6.981339135557737378e-03
6.981339135557737378e-03
1.151261108178570913e-03
1.130518482306624387e-03
1.130518482306624387e-03
3.190347071393464552e-03
3.190347071393464552e-03
3.190347071393464552e-03
1.107538665652439691e-02
3.190347071393464552e-03
1.107538665652439691e-02
1.107538665652439691e-02
1.107538665652439691e-02
1.107538665652439691e-02
1.107538665652439691e-02
6.354946332675650254e-04
6.354946332675650254e-04
6.354946332675650254e-04
6.354946332675650254e-04
6.354946332675650254e-04
6.354946332675650254e-04
6.354946332675650254e-04
6.354946332675650254e-04
6.354946332675650254e-04
6.354946332675650254e-04
6.354946332675650254e-04
6.354946332675650254e-04
6.354946332675650254e-04
6.354946332675650254e-04
6.354946332675650254e-04
6.354946332675650254e-04
6.354946332675650254e-04
2.029470551148523927e-02
4.531254370988549961e-03
4.531254370988549961e-03
4.531254370988549961e-03
4.531254370988549961e-03
4.531254370988549961e-03
4.531254370988549961e-03
4.531254370988549961e-03
4.531254370988549961e-03
4.531254370988549961e-03
4.531254370988549961e-03
2.429061232007042465e-02
6.416583775820480784e-03
6.416583775820480784e-03
6.416583775820480784e-03
6.416583775820480784e-03
6.416583775820480784e-03
6.416583775820480784e-03
6.416583775820480784e-03
6.416583775820480784e-03
2.029470551148523927e-02
2.029470551148523927e-02
2.029470551148523927e-02
2.029470551148523927e-02
3.087357691822301044e-03
1.133607004501066377e-02
1.133607004501066377e-02
1.133607004501066377e-02
1.133607004501066377e-02
1.133607004501066377e-02
1.133607004501066377e-02
1.295530839595590566e-02
1.100622690928772631e-03
1.100622690928772631e-03
1.100622690928772631e-03
1.100622690928772631e-03
1.100622690928772631e-03
1.100622690928772631e-03
1.100622690928772631e-03
1.100622690928772631e-03
1.735738119991663692e-02
3.164616746478876412e-03
3.164616746478876412e-03
1.220965653240536040e-02
1.220965653240536040e-02
1.735738119991663692e-02
1.615424864686085954e-02
1.615424864686085954e-02
1.615424864686085954e-02
1.615424864686085954e-02
1.440316421953231549e-02
0.000000000000000000e+00
0.000000000000000000e+00
0.000000000000000000e+00
0.000000000000000000e+00
3.413439502769032019e-03
1.151261108178570913e-03
3.413439502769032019e-03
3.413439502769032019e-03
3.413439502769032019e-03
1.151261108178570913e-03
1.151261108178570913e-03
1.151261108178570913e-03
1.151261108178570913e-03
1.151261108178570913e-03
1.151261108178570913e-03
1.440316421953231549e-02
4.315285974422479465e-02
4.315285974422479465e-02
4.315285974422479465e-02
4.315285974422479465e-02
1.735738119991663692e-02
1.735738119991663692e-02
1.735738119991663692e-02
7.651359636858449595e-03
7.651359636858449595e-03
7.651359636858449595e-03
7.651359636858449595e-03
7.651359636858449595e-03
7.651359636858449595e-03
7.651359636858449595e-03
7.651359636858449595e-03
7.651359636858449595e-03
7.651359636858449595e-03
7.651359636858449595e-03
7.651359636858449595e-03
7.651359636858449595e-03
7.651359636858449595e-03
7.651359636858449595e-03
7.651359636858449595e-03
7.651359636858449595e-03
1.103922286929812828e-03
0.000000000000000000e+00
0.000000000000000000e+00
0.000000000000000000e+00
0.000000000000000000e+00
3.046033092764893497e-03
7.188451618802826903e-03
7.188451618802826903e-03
7.188451618802826903e-03
7.188451618802826903e-03
7.188451618802826903e-03
7.188451618802826903e-03
3.046033092764893497e-03
8.078495667021992968e-03
8.078495667021992968e-03
8.078495667021992968e-03
8.078495667021992968e-03
1.158889791200952771e-02
1.158889791200952771e-02
1.158889791200952771e-02
1.158889791200952771e-02
1.158889791200952771e-02
1.158889791200952771e-02
1.158889791200952771e-02
1.158889791200952771e-02
1.158889791200952771e-02
1.158889791200952771e-02
1.158889791200952771e-02
1.103922286929812828e-03
0.000000000000000000e+00
0.000000000000000000e+00
0.000000000000000000e+00
0.000000000000000000e+00
1.295530839595590566e-02
1.295530839595590566e-02
3.046033092764893497e-03
1.103922286929812828e-03
1.103922286929812828e-03
1.103922286929812828e-03
1.103922286929812828e-03
1.103922286929812828e-03
1.103922286929812828e-03
1.103922286929812828e-03
1.103922286929812828e-03
1.103922286929812828e-03
2.429061232007042465e-02
2.429061232007042465e-02
3.087357691822301044e-03
3.087357691822301044e-03
3.087357691822301044e-03
3.087357691822301044e-03
1.440316421953231549e-02
